	3)	1)	4)	9)	7)	6)	2)	8)	5)	0)
94)	0.04782633490074317	0.4858483334364002	0.5788519741372516	0.49228648720154566	0.7018218260054466	0.28014174429830796	0.9868242589438908	0.16232193959804986	0.07155939791943544	0.04187295085349507
23)	0.02841185671325175	0.41164813817783297	0.7013265140935161	0.11140631670405321	0.07352706186557412	0.3208817260865362	0.9896655767792834	0.06088456434663547	0.0251715638848119	0.21134788749712163
101)	0.1669567665617232	0.016469626666622994	0.8129420468290551	0.6439284323771901	0.4233708029190698	0.09923761951162091	0.5240609701557668	0.005809099357757863	0.002833802567491883	0.18407287867767852
431)	0.36473526635646647	0.520965794591048	0.9568898675066357	0.18938133885316466	0.9462151927819888	0.2301357215486478	0.5541119125193691	0.1913092221828706	0.6127047055883952	0.8053753693120859
412)	0.38331692633746683	0.03184519531687846	0.7740714630758336	0.08288868675420369	0.8796336199596632	0.28625478404225957	0.9000463659467018	0.37731308648752526	0.5602076604013801	0.6376730744998167
75)	0.12162527851495386	0.2574186578134675	0.6373243081047304	0.34643613534056983	0.511944559203932	0.04762410122741678	0.6183630278806319	0.29931499088474944	0.05829174691838146	0.7083258497660975
456)	0.16026719313147386	0.31226737108186065	0.5609502161033747	0.022620413390599836	0.8882027210410095	0.289703713451813	0.31240644368563997	0.07685503475200284	0.039193187256461925	0.5086783830212045
102)	0.058806340020986836	0.2490888842079948	0.9601897819139968	0.05663718070504464	0.41541396961113675	0.7945575900083599	0.2711950546864559	0.1296549158742949	0.16091193476589405	0.5258895714533903
82)	0.054297371248047455	0.09726311997082848	0.9964178644970716	0.19412444639857296	0.3589325920964376	0.37123100482185356	0.3128848054042207	0.23918094189867656	0.177698734352288	0.7731597126964512
230)	0.14475142988667833	0.32185584402371425	0.8731166623475363	0.00795039393567476	0.7898298481667602	0.017025966905112044	0.0036998166333738203	0.3403444973946407	0.4798556947604594	0.02185304367291596
332)	0.574253196214858	0.6827876130927102	0.6447932926177968	0.9475609136441051	0.23679348666837008	0.0466802142646231	0.49065752418026753	0.6195434958548709	0.9327667576996066	0.076921349296449
40)	0.6720026837921436	0.9498369391498449	0.4627735236945656	0.9541383145344952	0.6475821773323257	0.18106714116610723	0.6086590451398208	0.5681087348454958	0.7042730952349673	0.06066969591495719
446)	0.6378484858030682	0.5134550394595472	0.7487241552570952	0.9907638636799936	0.6924017577266445	0.09153970627527186	0.797539133195124	0.2208715418901943	0.8476169686421501	0.0515718880515319
229)	0.490315827249873	0.9670960144720566	0.9296960119511068	0.7930260744974811	0.9479533138524914	0.1778926661908593	0.4015717971062214	0.8165756774209241	0.6634649992179605	0.03144768733468084
130)	0.7993524219638825	0.8140722634423122	0.9487278229798501	0.5804217117136151	0.7609560951132712	0.30116602109723356	0.3405579581286743	0.5878348029656312	0.8943866639567004	0.11820477185579958
251)	0.31292814055118456	0.6759696662834684	0.7742541257998876	0.7926183492717546	0.7648751979191251	0.05717566955595754	0.1399721087360294	0.8189834873796155	0.9260614755649513	0.23292126131247748
432)	0.7102122578821382	0.7796618386179023	0.9304470368002522	0.7805223996555467	0.7623151582292143	0.37129588624686427	0.5029186074182913	0.5787127287051622	0.9844755678521847	0.7117744139054097
107)	0.7233024985247449	0.956846570030116	0.8783149241161254	0.8093780377555375	0.7268852163083745	0.3397007022845787	0.772936672798466	0.6262387503008751	0.9657986414149771	0.5591845358793935
410)	0.6860005229954544	0.6039210503064552	0.9928110080379562	0.8355945760269449	0.6591370601832655	0.20686154541967217	0.14718132094077618	0.6824917263685351	0.7020397880517472	0.4769858762715158
279)	0.651355997007518	0.5169536615837607	0.573329167574035	0.772451568358978	0.2904316351499857	0.23308087777226716	0.4889649199088896	0.6678936319174373	0.17219306101819098	0.08613885311776848
245)	0.9220878958723683	0.4820881658667566	0.8357930270094618	0.6779560380684447	0.4920373240428465	0.1607405107073231	0.9616925301347673	0.7744022135569184	0.4642586890431126	0.08912626575904858
479)	0.3329653627327408	0.7402718108078884	0.5763170172714841	0.7249556960861108	0.568404377688435	0.3077562811469088	0.5888435888672486	0.5876997087178192	0.1216127363046845	0.025622600802855056
390)	0.792094675769865	0.7571409036922156	0.7565675455357435	0.30404327153392663	0.8620644948548838	0.3574795424666741	0.3299648292125712	0.9985378675101645	0.43575451695162004	0.0758494287462822
363)	0.5165858167435424	0.6648756438357519	0.8048425586922942	0.5379551335706627	0.9622356932713397	0.5039296705945367	0.1889977133802695	0.7969038145572159	0.22853714854345542	0.2948216505147149
194)	0.5331281286599089	0.871567245508808	0.6849422929054022	0.20857333611045292	0.8873488186791072	0.019078121050941754	0.1397068785709682	0.8577773915330854	0.6223906840564851	0.3398786119915532
371)	0.9715031894410965	0.6852802020522948	0.9222343324162675	0.9797990410257125	0.4058085402145868	0.7404106729054525	0.30565569567657436	0.7755387995086137	0.8402358809892946	0.726985757183767
326)	0.6572494860849271	0.5472911938328292	0.9346424799019621	0.6749352701430158	0.454526807332543	0.8209950654742223	0.1574488353271627	0.70628793475419	0.6847295828997049	0.35281025875433014
22)	0.6356367098253985	0.5422806135357958	0.7964052251862078	0.9666929205829677	0.48829316680509927	0.6846242716927129	0.08226452393202399	0.4854143101843673	0.9547475054308089	0.263365783050724
81)	0.8212053023334988	0.36603378202458836	0.48801691478932074	0.8465645262987437	0.2695048247626399	0.37107807260930714	0.07374308587639289	0.7345946354267014	0.7570620648656129	0.47219244963377505
167)	0.7957281280869193	0.9024501263027814	0.8447887208051053	0.7270530032353811	0.2629621406856023	0.33253268962415483	0.39127235458254184	0.7366659404853271	0.7445751977964121	0.5648880519674413
67)	0.9216936684824427	0.8206994508517493	0.9188489045540845	0.7171435833472242	0.29985152129987824	0.5122231170341107	0.2370849611913043	0.4510620990884934	0.6295307118357462	0.35141827940417747
93)	0.9788268401766658	0.7627946139093299	0.9486860068478548	0.7171266563833804	0.050824790816173304	0.7255050205514576	0.26576180603378574	0.5940661143252837	0.7256699734894949	0.024792440847191677
278)	0.9409342909123225	0.36848454339301795	0.39216743411474153	0.7729969709829575	0.08266016212663585	0.6116747701693505	0.5652572653432373	0.6083957198509534	0.6826981394029895	0.22071149342572804
16)	0.8990763147937112	0.45125862406183437	0.7293604610294412	0.7110379932104975	0.34373953523538436	0.3754392475619882	0.4918429102640539	0.6550352059993224	0.7700897729196955	0.20820724019602266
324)	0.7233730443139263	0.3104528271105296	0.27121216197458897	0.818587892391081	0.48513521625289757	0.43016169577285035	0.46535740905190115	0.35989925728200056	0.6964516699604011	0.0042580480050598
115)	0.5118634831863179	0.33356079941615535	0.5902068697566979	0.8037323056232524	0.35312914266820894	0.4984087925270697	0.5554181190642097	0.3880098002267456	0.645462711355599	0.029660839697256525
468)	0.6183316455270188	0.49972517351548484	0.6123103620945316	0.3729401584853125	0.24139600725183807	0.5433966341891365	0.2719089269789119	0.43458819399582693	0.8202867718465067	0.1289445719634048
443)	0.730343101720765	0.4215173056372813	0.6816853974888364	0.15748517247226956	0.3849253672506101	0.5866738642156635	0.1351684088602194	0.698287573547409	0.8826033015704872	0.13609402440729568
476)	0.9619406632690995	0.19406517952093016	0.541229247377691	0.4230190282940597	0.36176517588211377	0.5740736754884095	0.11242949999414564	0.46734209457102716	0.8559998322724599	0.146114400037887
131)	0.9630421660494675	0.5170513513178424	0.4317232317800034	0.09299600469894664	0.4699418199152442	0.5671314726036369	0.2128185737872721	0.6380480697678184	0.6105133245670897	0.05710912609433716
215)	0.6084320943956814	0.5247973334167065	0.0764104060652595	0.6654685309415327	0.019387398777342746	0.23360708067672897	0.2897295077440365	0.6409338654953225	0.8475174249468796	0.3078826385903731
70)	0.4821670204872105	0.9832503769165538	0.5265454160436102	0.7472800008826406	0.030130396160569006	0.4907038517169977	0.479242981871837	0.9354703428207063	0.9430743268241158	0.0886254141339946
166)	0.49651249747023685	0.5551414148533019	0.37716756782925553	0.4724654910962154	0.04604263263760111	0.29912515287415486	0.06406926298173499	0.3600287574832888	0.7575026311952173	0.2759233219685666
162)	0.2758512154957846	0.7763894969243599	0.365678358762094	0.814809768100405	0.14348024611147636	0.4483012134726938	0.026330654536360187	0.34277206667942994	0.7563461624831234	0.15754180339214707
269)	0.9934041090703486	0.8224963182146898	0.989212396438714	0.516484908724901	0.44185480896398754	0.017939547974418102	0.9946133575002484	0.5764657577350942	0.975147761030176	0.33815204367757445
113)	0.9288750130436264	0.9838887736072565	0.9869588615998884	0.4830458673119201	0.5407398333085283	0.1140920029082878	0.9458575454453456	0.6819381025437358	0.8094706569653018	0.09653126310157434
288)	0.6196537439321038	0.8974313666606741	0.7152073564771931	0.36225915189423863	0.14258006358326003	0.2550124196179382	0.6697537374244523	0.7825899806769525	0.8674736347035827	0.3247393725669143
457)	0.9902850419677164	0.9967049316140486	0.7361837383174811	0.13510875698485347	0.43864571627647275	0.3001103909148266	0.47056876418191085	0.6392729071628418	0.8695102711037196	0.11170950021798653
36)	0.9430186320361914	0.778036552333978	0.7044357972639433	0.0656092254275048	0.36921722973788307	0.546551813367495	0.9213317935208427	0.982467574726993	0.6939164454759088	0.1384489237765847
328)	0.9163554485360832	0.44764843720959335	0.7217539549673463	0.2231948231655111	0.05543035987246836	0.14389899534804917	0.7528370355104432	0.3344664292680045	0.5690914697574876	0.19916002378787379
111)	0.8528719503750717	0.5561720792318058	0.4933303107049156	0.34281852029003423	0.03595437830372339	0.15876446829484048	0.812180581360391	0.4064802430234328	0.9592919689890541	0.4885436412125148
169)	0.5765409822601587	0.46200547061266406	0.6515647753729796	0.024451941142285882	0.6542542313489111	0.20589112270377286	0.6806209437570724	0.8215391368800607	0.9164802415218937	0.3050680863694162
29)	0.49582198590367044	0.1900721761341725	0.8004912055691525	0.0547173770819418	0.43726884144766365	0.21295603224034498	0.5218717978245897	0.42161750906258955	0.8594363114449111	0.017823184026521055
379)	0.8755615868178226	0.18172466583957747	0.5790925922515858	0.10184875581571684	0.18859161127239132	0.08719301589644601	0.3458601506848955	0.6632941135331283	0.3903151215726385	0.17502356166094213
232)	0.9678545145304126	0.27742988194769447	0.624726276453655	0.17073787264815177	0.11329694092875797	0.14646408767768204	0.05643949472414145	0.6035369896730978	0.47809312861168796	0.10366423970530214
460)	0.9210519662329456	0.24242060291205858	0.30339252544534445	0.05322488120247948	0.32883516269448576	0.048031493058950825	0.261772651963589	0.4665352684500724	0.3140533026225598	0.046593752175254854
155)	0.9290751334299893	0.05052287489939211	0.68984836768444	0.25328364291666694	0.35238821656573716	0.49173868436696255	0.2525652414968621	0.8539662477370906	0.3190887360581468	0.18245493386583045
277)	0.9434762405569417	0.69357669013982	0.6203797917861642	0.4774934755011888	0.2614745377826343	0.5768084354320425	0.6055006960270516	0.3601485717650933	0.32076286035672985	0.6188202350963825
259)	0.9093840997558206	0.5992174466529797	0.6208744980663268	0.7483166622329899	0.08369165698115288	0.8254867143274259	0.7519743378324731	0.3147760153500946	0.30394458412205494	0.3790126497611779
204)	0.8854636731975245	0.39875987886033937	0.6662693512479771	0.6988050885201809	0.3734194347283716	0.710156375884973	0.5478176282442799	0.16055212943487662	0.09984372141584175	0.5428420257936462
376)	0.596306056208816	0.8883241902637379	0.9783061217963704	0.4236216771604042	0.6224326154433744	0.894288454046853	0.8111923484753356	0.47382629937656673	0.06541326482490595	0.6748336175069196
249)	0.6372252060067868	0.9271850595954131	0.8104252801166582	0.4185737201437755	0.478302014222035	0.9190826408189865	0.958549192577499	0.6359119313727073	0.2000896634699173	0.5140557045492697
346)	0.7916713926859088	0.8234655596586465	0.9134041684044999	0.7175308460954616	0.9274803636892189	0.7409314258662268	0.9018137382191799	0.4184798388622938	0.26305072760022263	0.9410990089269421
104)	0.7641218393814242	0.7472272782341517	0.8525234424576078	0.629399160560595	0.6876453619109382	0.7291903264982751	0.8646791692914033	0.35088076292166537	0.2678974353482877	0.7694249110707195
112)	0.9043172319742855	0.5726782675403487	0.8639552899987842	0.14759840951683112	0.468747178954116	0.9492467284607887	0.6694290959505409	0.5701748164979206	0.746258835174717	0.2758183089465416
31)	0.7268109050517068	0.5660003849850935	0.47969376130167696	0.09271986717104153	0.45416355245100537	0.8399700992017514	0.686810696154396	0.3213658387821987	0.3676567217785285	0.0491059726975559
25)	0.9197553591500698	0.5592172832680401	0.8496073257589813	0.4126407675387943	0.43513019009222575	0.8775555422867709	0.8603941909075867	0.729494343964508	0.2544665354944545	0.605112035518179
15)	0.7165860931283399	0.41077067302531	0.4868914823691235	0.3213319320088136	0.44170781956874294	0.5774413728278474	0.5946800689017054	0.35967810260053623	0.3095898177667046	0.1896735289121496
84)	0.8264278406303862	0.5551602246692062	0.753975346409477	0.00079912648846725	0.6539318070808459	0.795113651901603	0.675575702816968	0.6049933023598654	0.03806626488278475	0.17329540858703296
449)	0.8921956516199789	0.6874893138039815	0.5799293002364627	0.26006397671974835	0.4276138700778668	0.4705136251745662	0.6144071596775139	0.7167533168952069	0.5309213293131381	0.5646001175166273
76)	0.7135434407602232	0.9488882701086157	0.5861612487888144	0.2924731670105124	0.23717057627672355	0.671816525290099	0.5162418791778752	0.8482091462350475	0.39493583813539335	0.6492174346036962
217)	0.5957168092689705	0.49907591404944784	0.22200967523221804	0.1145515862745623	0.1613104856987082	0.5859301337174048	0.49792989522818076	0.4679176678813113	0.23535112037612793	0.3625126367788257
159)	0.9181994079313377	0.977767190433424	0.5454225873294846	0.38033127399814604	0.1298304644260122	0.8707298186852601	0.36575723127821635	0.47853735836353173	0.3516849520431552	0.3550932770195837
478)	0.9834421227225204	0.7557038069662283	0.988816965235859	0.0854020707274864	0.3746505476856734	0.6003431259491467	0.5614388300929142	0.4830064655464228	0.013656916560138455	0.5819462428967744
329)	0.9264507177803328	0.7267106239561595	0.7397240095952018	0.12411710694787759	0.18489111592147356	0.44775328617806043	0.4772098273987816	0.7771848116260716	0.06181717173757861	0.7374574519332397
321)	0.9077982411104494	0.7528466540892133	0.667036748686577	0.07929727487020388	0.42875541727989197	0.6941002268893607	0.149196445085102	0.5873863012968566	0.06344488187742447	0.5798614760950306
295)	0.9097745330276235	0.8680168826399001	0.698185764566963	0.30559166802280224	0.35146347677857825	0.7479141776296794	0.17078114424692714	0.5523012706562587	0.3495674221650682	0.7645125809980263
291)	0.9489804361299601	0.1719430641683869	0.9439734710437789	0.3226744359020013	0.3243637264105066	0.7664753096898277	0.5037033726220054	0.6928395366901161	0.13271727834340008	0.8012991204700752
69)	0.5132315524167129	0.15345044177087064	0.9892656389217689	0.35472791394445913	0.27315441706016785	0.7114699262161587	0.6153544991431779	0.9949414263945612	0.08282528798350319	0.8614682627614487
384)	0.7371508215027333	0.217225258996269	0.6738956375298228	0.2517194897975803	0.21687837774004626	0.6494501004515998	0.7289083000309508	0.6962012180853653	0.5278208817451826	0.4200190445429508
362)	0.554387124088507	0.24628917301594977	0.898328733272755	0.11860324556382396	0.18522273882125262	0.796365821988846	0.7540098751690375	0.500177005682909	0.5041222733111309	0.7165027446114908
421)	0.8196828084942588	0.9928464389748293	0.7817653330690416	0.015602915715837273	0.8905305653234193	0.9432765400405572	0.12205318178049007	0.48832664896307654	0.346153644727204	0.07462461513109997
114)	0.6112923842303966	0.8572907370223923	0.6823449232001844	0.1033241162198455	0.3909920066291014	0.5972929760556739	0.23395180665149862	0.5554582470745515	0.3019335919896844	0.004595190708636343
296)	0.9548382421769848	0.9034883304369009	0.398701660036911	0.04728784470918712	0.23957130593245923	0.8262458565477107	0.08300867261319345	0.9982876830083148	0.4513084532535492	0.3151368697260237
210)	0.9300552614494864	0.764980237020071	0.22737639298927315	0.1898077487466926	0.27829640611775397	0.9984844236684975	0.16068374526410678	0.752809799271659	0.7016464035702573	0.3353674465984774
282)	0.9152594755302146	0.9677979086981793	0.8741872701009891	0.9754484845270189	0.025483799177075328	0.8081616351979097	0.4750972462521632	0.874274620440791	0.22888544647187425	0.46628230934049997
180)	0.659828800707639	0.5901039895562964	0.9016900344399646	0.9161656659488783	0.014168824303448568	0.6495707520130387	0.4990986327911373	0.618378568467013	0.2921143529378859	0.40396493514143694
39)	0.2962341178657576	0.5482545074639875	0.45572905099809846	0.5017261216916143	0.0004867594752598903	0.5990030248885009	0.5197517077112073	0.5018135936855311	0.03866652012956684	0.10686550466855071
53)	0.5680589295963213	0.40699555242514285	0.5766097683672401	0.36876195253012645	0.1428737274580416	0.6722185660414206	0.008376446001807092	0.5092314972536864	0.1371442613273378	0.09813215580838908
403)	0.8433928328033535	0.18427103904439424	0.22721506915527678	0.5883198493340703	0.00858583638013799	0.7972858278474074	0.7142546547490884	0.9125496198062027	0.3493998422553707	0.5324835443968507
214)	0.7115178367273345	0.35261580938960346	0.1281668584839094	0.6307079804432513	0.09543423950082541	0.5844753579356021	0.4544400707304983	0.9091163691515806	0.22883973848329298	0.2412545437265191
345)	0.6515009953788311	0.29237888420184877	0.35743394904653314	0.9278785982390937	0.053303480095931444	0.6832249061953275	0.12642445019965654	0.869686102068406	0.0010182415290899138	0.4692793548930365
171)	0.8171868370414485	0.9249400372981288	0.1641422271218057	0.716952883436237	0.11045469779821704	0.948582726208013	0.308187007499244	0.3661472491997434	0.30410744977128823	0.08004825615153155
86)	0.5862020432833676	0.7458057935231055	0.36415611319487795	0.7395485502578282	0.14007325741439247	0.8128446991062696	0.5043400350526346	0.26762510211969903	0.5532539595411161	0.09124750057287223
483)	0.6371133790941388	0.688039656954462	0.13608272211065564	0.9635322080363944	0.10979807788762619	0.43716609853423793	0.34237211648435906	0.1859374151563189	0.0526229828728666	0.4026942108396103
486)	0.8253816814907955	0.477931193944226	0.8701400113664454	0.09698013825332275	0.3873774711893274	0.1253957699337266	0.3137283202140865	0.1003257930064837	0.9509952012528295	0.5611101876951452
413)	0.7682530160218776	0.5180906353926344	0.6449709470881697	0.009943720419837376	0.4404071956280048	0.3461181188114161	0.2912354044349371	0.19064043181815304	0.9075393934997619	0.5724073287020459
448)	0.43502431552728116	0.1990058027038406	0.6013754581633067	0.09892322469912174	0.09363847079512178	0.4013350830997312	0.27414069332635116	0.18067094947702	0.7222114296485876	0.5170063665230019
117)	0.43617104714271937	0.03056749698032979	0.6090955817303455	0.052347175321606154	0.23862618241982758	0.8371891425391603	0.06791435244989796	0.24913496546619573	0.676250271780259	0.694884446482893
272)	0.8793422582271972	0.9622592377554835	0.7444552796672067	0.19961631366742272	0.3026152810857222	0.5793232569176942	0.21533640226784123	0.2378983250322375	0.6311704009588655	0.4066891073961172
257)	0.6506278332468842	0.831344511495044	0.6236731918427947	0.2973569322399049	0.2872403489883184	0.5066171406105014	0.3706086693190853	0.1369716221522661	0.7715221559400885	0.8157407187909166
161)	0.5303653881592052	0.8195527949923502	0.17519178472515318	0.38302110928849664	0.08031751020516298	0.5537541800172477	0.323718076838446	0.12316668887681803	0.7146216983697448	0.4450912520160012
276)	0.6375254017155958	0.6156329510092914	0.3955989794211001	0.041947274536512924	0.3931075899664861	0.8895956700014357	0.16051244597168468	0.523839335500476	0.64389180535824	0.8063081608531667
21)	0.5962335185183412	0.8105737585294711	0.43117785229972994	0.3192704571895012	0.5540211897717062	0.893752104720206	0.2943304412963712	0.4928665073452738	0.5923975029889863	0.9523768530135464
418)	0.27125315153483953	0.8110132634968505	0.5660942465673655	0.4875906132585702	0.19993182718423652	0.6406007316071667	0.2643744506166703	0.42510554190396677	0.5655308764834088	0.9907879432771821
473)	0.7754546398113391	0.8477667601904502	0.17740543366382178	0.30577178163334007	0.9770380633793472	0.5834879988804471	0.4049150089202401	0.23835026367760515	0.8065730792416056	0.5407304215240435
281)	0.9964855167142939	0.8664027294817501	0.39457498196186114	0.27194338336672075	0.7172210027719278	0.6142795686156971	0.4351278304653141	0.2642126026864562	0.9929426032846842	0.8575640144537084
464)	0.47119703964194914	0.8286958618388178	0.32976292359011605	0.3284454848397068	0.8886766075215832	0.5966102346033438	0.3879485952769428	0.15905444820149284	0.6361486909428841	0.8805913487416911
355)	0.3725731369345303	0.6948321761364246	0.35742236115177395	0.22347588839543497	0.7158638907572866	0.269318656460774	0.07430611801118658	0.10831431600380503	0.7446005352989584	0.5124304234506701
382)	0.9198292111820436	0.6702165089260885	0.14907617946520102	0.521778597820698	0.577815575884554	0.80708654174802	0.6420942046164073	0.08762633770785222	0.9910962851504207	0.6341271960779946
148)	0.482854339158022	0.5989363310078548	0.08726980720125277	0.16143223769702575	0.5564320324447113	0.6766178256179671	0.5992868745046224	0.17544272033285924	0.8661832493943904	0.6317560011519652
472)	0.5332198745661074	0.8168258878867455	0.22583743390920485	0.377956263909058	0.5933146265223629	0.6038401788098747	0.7659104919925245	0.009138636198466443	0.6500369253750198	0.6443589109210255
181)	0.5915273271485825	0.6290902738204465	0.18868927871291186	0.5496568918204324	0.15396540244292078	0.4442758239214587	0.6001827342178175	0.016430337740410472	0.9244395293158961	0.9478205005121242
90)	0.6138808688662424	0.5732108771943734	0.07695021292315907	0.5290531406613654	0.2237384718444413	0.23147976471742693	0.18508275660219697	0.07931564343308894	0.6680945170106404	0.6524273028079878
280)	0.5346381283974605	0.6310015524807833	0.47343039518518193	0.9470427268799692	0.33794404072873774	0.28066393770183007	0.16841153863287117	0.09446344331760037	0.9933037590144704	0.7787699004676302
350)	0.20737847713763558	0.7389582635138288	0.7624522934066793	0.3610468041382988	0.1668058372297334	0.30595201848034204	0.48462580447391534	0.3443598574976472	0.8624025811124506	0.037460517375903835
151)	0.12828257726667525	0.41787763983526427	0.7866713711469354	0.018907757619146537	0.148166485732948	0.19634363388427167	0.3519281282911385	0.24329311523853114	0.7784570087820499	0.11595665038767311
408)	0.34639346002540095	0.6618075609599049	0.975803209736935	0.2596253010278733	0.2344355986756701	0.7096407604978503	0.49900585261267305	0.5921964305651116	0.9827667037522138	0.7911243357099367
6)	0.14260031444628352	0.5928054009758866	0.933841299466419	0.20434527686864423	0.38776628032663074	0.6022966577308656	0.6299418755874974	0.3631880041093498	0.9463798808091013	0.376252454297363
284)	0.08637269440727657	0.29432277097556037	0.8586664115414566	0.12830490810518436	0.44775798672980904	0.43068155067488256	0.08658826588977342	0.08822849927331733	0.6459895249379269	0.20351976349115342
438)	0.31907995035807535	0.703705708284037	0.6938419289472239	0.13770455616586674	0.6736163725122737	0.5558497585166068	0.5639763742776562	0.09176055587785426	0.6297413317598017	0.34997084768641495
297)	0.411685745612281	0.9287078560321131	0.5164001540787545	0.09478550567249455	0.5177322187121811	0.8751273745669877	0.6085916305942212	0.14496375493257974	0.9552098422460883	0.39737892483856097
380)	0.1002645319936224	0.6383021149545194	0.5576630782503988	0.0063886625151666765	0.594634469065537	0.599504206575504	0.23093959744827297	0.007709674652210952	0.9982396444683229	0.6116802288670027
45)	0.06192919793340079	0.9958158069623947	0.7040354417782194	0.1803451692283481	0.6630813223207347	0.712150947902339	0.12344969265330885	0.13367496222456432	0.9609796529778833	0.067767735751191
307)	0.5567696568909914	0.9969244354630328	0.9758059019526365	0.4182914572913733	0.3691849851868271	0.13448945523834133	0.5814588443249542	0.046852294604047606	0.8533640152650352	0.380477900383843
298)	0.42027292382738046	0.8858041382889495	0.5985040383071013	0.10049803522335565	0.40734908446787177	0.18811611092112512	0.2629413255642111	0.07251246413387269	0.4428805569666894	0.00943276853151509
331)	0.07470821583779053	0.26436054518913654	0.21075689310852452	0.8294899053769389	0.7252686579486645	0.6431951563596114	0.7019243622426855	0.7603836053581087	0.9085277986943485	0.47140898130392916
79)	0.3108091040925598	0.1956287488018773	0.5553483943313786	0.8298093684181447	0.7678645943333149	0.4651129288983915	0.5256787607410369	0.8869469716865482	0.5355298073676616	0.6574707574441057
447)	0.26978201662148515	0.017192669830508933	0.47224892653441997	0.44928160421203345	0.6835363334758093	0.2648120936085857	0.407751674861891	0.5064878136975983	0.9815084515687357	0.6830495975125264
461)	0.04980676628399816	0.00001720079628964033	0.06117160200664162	0.8591001245848786	0.7901109785546051	0.12854872506187542	0.3313189263812566	0.4136491483474385	0.745585682217386	0.7735854012130973
452)	0.1534600633146549	0.8542502672464372	0.043448709910246186	0.9608867901053741	0.8165878134238872	0.2710237532884693	0.9493157163501341	0.9799227892948208	0.41864492828916355	0.8820012045067323
357)	0.023932237794699773	0.4059194913184946	0.09096309324861618	0.31951851159899824	0.48142742809410266	0.2193004123544432	0.5128950980570783	0.6730694851976026	0.1412227142651109	0.47283941771480165
197)	0.2550647545278367	0.6632412071811885	0.05915876411861998	0.9919971311237004	0.8804282741206442	0.6454916272159624	0.5581448239637844	0.5629594701317471	0.17780840861390823	0.7433728980680342
316)	0.05552985723019688	0.7375741610201063	0.561903511121254	0.7707102621236266	0.690098805406087	0.2009040054362965	0.729082509136085	0.7566598495517464	0.603607642290988	0.5696580167417423
293)	0.11547209657321311	0.8851304704566882	0.46728149939552155	0.6937265839807941	0.817735360022012	0.14493225809820032	0.8694624772048082	0.6675065929327456	0.5351803661170166	0.7170129609107512
262)	0.1269320722590238	0.5942778529318382	0.6456972634222421	0.8620979220765765	0.8420780103408804	0.2700753092117417	0.8693198619198667	0.8365983966871195	0.9065650602113924	0.39233819957689275
435)	0.06034768844231064	0.769301131147565	0.03738798333729276	0.9691453351304951	0.8219366620287619	0.25723639320732195	0.5691484583471125	0.9454685347426725	0.8769059155795412	0.6640325874666535
144)	0.10826676390227397	0.9147730689048182	0.4301458457573194	0.7652662905437458	0.704852179096061	0.5844589087736212	0.5927506222890787	0.4192877288709209	0.4559617884843352	0.6297530059271857
12)	0.0013990231190438296	0.7160709905643361	0.3947002866898355	0.4451766288311383	0.3542983001063206	0.40288033137914214	0.525955936229779	0.5006143194429532	0.49216696990114994	0.500355896674865
453)	0.17793184665329265	0.7981267316746852	0.32314913108891985	0.8046407817317797	0.664989249276531	0.6684688858803213	0.513964428291312	0.7275284798725469	0.6724801554992781	0.5736238465625104
360)	0.20916806072487992	0.9865000324387878	0.057892043346637334	0.7446261461622693	0.7258285169519475	0.519120226898313	0.57034158498893	0.6833390855689072	0.6961863522303418	0.4120077686802246
436)	0.16768034412721589	0.3207438357119452	0.11487359182202539	0.3618281945922751	0.32847524403183015	0.46972090767172026	0.3750085593022612	0.4692668630988672	0.6141909723282872	0.32747527300362267
370)	0.20859460258305063	0.5296162687209861	0.3372989910165355	0.4672298242760503	0.371145531698441	0.6991327989479822	0.5866568007798189	0.5930591005534557	0.8562675106767095	0.6184747558918282
358)	0.21740302129457278	0.6875265382256065	0.18091393776190978	0.6260239411242177	0.25361817407227083	0.7163153166047714	0.619411574133505	0.6437842878258576	0.9812294284757717	0.524023109190432
372)	0.06241034208148144	0.5557220216819992	0.0222557172328679	0.5857085008371313	0.08709593980539376	0.4581340349711128	0.7361610710474886	0.6501394016778537	0.9415029359770652	0.7184501429799963
426)	0.3286923145649565	0.6335769803907755	0.003224724071306917	0.932891682432638	0.6442473062875326	0.97613022856276	0.7391123613150206	0.8216858797063489	0.8307569849880635	0.973176257298332
312)	0.2980474261457875	0.418720197997032	0.10588135068542859	0.5340312992027583	0.49385501053143344	0.8307559196296056	0.5618896245090537	0.6824721567944138	0.5720156880278601	0.9220278614968505
158)	0.19093278049335827	0.6379974546955551	0.1273990234827762	0.5872283593772153	0.5595490832773791	0.6304470241964537	0.9853559842180729	0.7342130236741296	0.6784859799187648	0.7537010224353393
33)	0.21038644476715873	0.7759492194033726	0.07664186926890304	0.4809727659278811	0.7862548628154125	0.5475000011493021	0.8544445157050565	0.9200470428587104	0.788914797103218	0.46737799144534753
369)	0.6237918367374978	0.6120429184999058	0.1174411821079755	0.8094938006929581	0.3962912900381125	0.05733819241963889	0.22897900598429688	0.7859247747454564	0.6734138221368593	0.25193153530531787
149)	0.45991724219743657	0.6528830327546721	0.11707636333427196	0.744456366732507	0.7377063639967417	0.02655423484553987	0.3829984087443473	0.8583150773034638	0.8204981873469402	0.2790616736185413
139)	0.8398109505704496	0.9571977325908012	0.10295876027227957	0.5756136860367139	0.44432134422631864	0.09785302580422561	0.8388889849042083	0.9640918840154705	0.6856409658986224	0.16093008160881916
442)	0.22822413793336782	0.9105394256367438	0.06268127089644338	0.8609805847428426	0.2651858501544966	0.016990748569461478	0.016236431523620976	0.8141795515275004	0.8201013644359831	0.5813594629294997
459)	0.46310037255210523	0.5767207796163231	0.16109129089418706	0.24731326735181292	0.39909387436413635	0.06338033864463322	0.04820320377657139	0.3906089050918061	0.7413167666553273	0.8328489976132092
253)	0.3498516345567655	0.7292905826953794	0.36575231764678484	0.32085742344543877	0.5626769053866878	0.07478022475826818	0.0870849762626903	0.7139452586838683	0.6040876883714359	0.7786640511127683
263)	0.6589639038053486	0.45668981157215083	0.15126158196943063	0.24422838535899782	0.3868141579211959	0.03296633002384386	0.22279849292375964	0.759014316128235	0.4308200782706879	0.6585238875455374
228)	0.8209459407422248	0.6577472482374399	0.17723509046691155	0.056704766984395416	0.5163173983800496	0.4222191997176712	0.31616392997861165	0.9295643122087116	0.6896777716830361	0.7953979123471587
396)	0.47096783101318695	0.9812837153463666	0.578137235496567	0.8275573075245061	0.2880026988205292	0.08490662572175678	0.5158774502699105	0.9114235881559389	0.5711873724955207	0.8032478833482913
89)	0.49136225796249566	0.9717102350944524	0.4189538130977012	0.7243161529127102	0.5212103058543409	0.14422252170336136	0.6918493680668857	0.8891494541942766	0.9528784220570516	0.5738480440000739
126)	0.8660219501541154	0.896762717687554	0.3408456398893982	0.4448573606706874	0.6819635898833647	0.23652257739278038	0.4955134635203138	0.7729989406788915	0.6806954984815332	0.7864113718393063
61)	0.8180344364829785	0.9797770299024345	0.43724959672412667	0.6373144062380719	0.4109781451687913	0.22960846580858452	0.4339147015301905	0.7309511398181268	0.8105342992752003	0.5666853987413368
73)	0.6789428837728861	0.9244958016032567	0.1718199895762833	0.4784335817739622	0.441921269249274	0.4893233847660068	0.3228087260890464	0.6465757977985269	0.7095739437934471	0.7660564796818717
424)	0.7680596007712127	0.4577683317578003	0.34774592498048806	0.28380829470746116	0.12598780704586365	0.23432808748158296	0.2874107482008258	0.8745818854491288	0.3835832693158918	0.4480860317866716
222)	0.7522088669290156	0.9245228357092432	0.4375030509791197	0.14856950583285822	0.012575507413269404	0.25467388472943486	0.5915650008571212	0.9430014177502497	0.3436161195971681	0.33689442498637645
496)	0.8339208732426682	0.7267865268231529	0.4945944007620964	0.37344099712199263	0.14461742874493255	0.10389760957836791	0.7305729719171864	0.6875123720128022	0.2376941574586391	0.6793994225918436
195)	0.7414784633379479	0.8185992366419753	0.5721261518896795	0.7918540226769053	0.3172564743457189	0.03232687649813493	0.8973628498079843	0.9883302752515059	0.32278634071353574	0.6790349192006192
188)	0.3108937011089108	0.7523594326041453	0.17774588338447128	0.16703319389924176	0.244384925930636	0.22045902217665336	0.673284983987057	0.7452991092209448	0.6138015426492349	0.7034625740594908
2)	0.3361119501208987	0.9400298196223746	0.17541045374233666	0.01525497124633901	0.25242635344484043	0.005688507352573424	0.8176493787767274	0.7956625084732873	0.37283204628992317	0.4317041836631217
365)	0.5471422774696008	0.9859728952134363	0.337268805029015	0.46742471970057253	0.23977193630012728	0.4055992091922126	0.7247997512397161	0.43991382630050524	0.14463336662899617	0.8162397434403579
136)	0.6305271386408652	0.5969601778190344	0.014564648683674575	0.36959453264081377	0.012068090599244852	0.5898012570649305	0.7463076974487743	0.7149064512408312	0.162958976912583	0.8374127257063032
416)	0.3318759811445803	0.4428709174607124	0.29042390120818173	0.0008885864936769572	0.1785552861342241	0.3925165281254055	0.46978414078155384	0.8944153935147514	0.22162478536330033	0.7665483615375129
260)	0.211368281947089	0.26398438565638704	0.5601538030444015	0.08577363447630515	0.2664804453829398	0.10051757104738823	0.7376669099889789	0.7612151643912564	0.5888427541587591	0.9837943923230349
327)	0.23941067543584038	0.8202197445584664	0.6983326749685438	0.7250115269923619	0.10932397276692629	0.13280676950581538	0.936581990019032	0.5438478964625042	0.38693016822761717	0.6983016626710172
190)	0.22417691316827437	0.9158173007203071	0.850401500666481	0.8122988225447514	0.14349750984086118	0.06641486674245389	0.8053258746331298	0.9986783860190713	0.5279844469127071	0.7131783359024162
83)	0.18964066816521796	0.9963498623999889	0.7960500133787225	0.4574877112189486	0.45123696414113945	0.05997465943644009	0.6578810615587287	0.3981555798526656	0.6331488340440541	0.7221568697894736
441)	0.2565235321171512	0.9017541072924814	0.8492641603350861	0.003524593390617614	0.4501713468380403	0.32359351835194283	0.871514300525325	0.33358713775602755	0.5599595568909911	0.7912028742028057
414)	0.21081624568817914	0.8839636820439624	0.6791590174568184	0.05420751058546558	0.25564547844691554	0.5340709442812587	0.6902228787587673	0.7574080490121983	0.509164386042649	0.9559433858915988
108)	0.28506368515962255	0.9229724002354529	0.6058657432561324	0.13449313291469356	0.46446744385825733	0.8146459943707198	0.8141044732498339	0.2732828358110101	0.26099723471697966	0.8314790236531127
49)	0.23087775291356172	0.6861716144556532	0.5193379792114721	0.30327751955275506	0.28279025386662415	0.6587729293586823	0.8563933901602275	0.502466433756727	0.3433334451764454	0.7571582824355558
404)	0.33383914449294494	0.7958675878218519	0.9212631208597141	0.4406728470852489	0.5501753434986876	0.18978501430909533	0.817116489848168	0.8241723711580338	0.398119564451594	0.392697527587233
185)	0.16817945379935728	0.5638321959204443	0.8373883332607979	0.2052258348660383	0.675700530154275	0.3812397568591399	0.8984872701583924	0.6514128895305223	0.25443883808052625	0.08556265376101913
467)	0.5073292218147	0.5383641754360348	0.6167363241251183	0.07394846478217565	0.5347904814621048	0.5059790231905684	0.9602073141566235	0.8447565184309861	0.298162419621783	0.5713734750720398
406)	0.2773556915756019	0.4960844540720014	0.4046758967118279	0.2911781933487929	0.3443998052119628	0.2018849144473306	0.7476177197343447	0.6842990275506152	0.09277502883455435	0.43287716819953126
121)	0.5872001214065696	0.32444097465690613	0.9868090759112832	0.3205978240951538	0.6682544685756434	0.3282203113868418	0.7445941350749908	0.5047614280324786	0.1898225634915962	0.4043345183671677
415)	0.07002201542245501	0.6551559655746562	0.9793977081707717	0.045019969479451305	0.5177466856971149	0.08819977636122245	0.19654046620189658	0.6879380325053254	0.7498245602063323	0.565146754794389
322)	0.22823963747026854	0.8018297825412914	0.8676663003459556	0.05155665652869024	0.5589981339605954	0.15539556605375515	0.016026208042624224	0.9940483903600492	0.3748967621633994	0.7022365552103637
491)	0.06849239561072018	0.5046533591338485	0.6980105112380578	0.40494427606156	0.1311944211413424	0.11856272849265515	0.03160327193817891	0.5567999390164814	0.19784533669907778	0.8304405808423131
334)	0.30604016145825186	0.6682552345590833	0.4501618935382171	0.4648615164314638	0.5502574109204256	0.6280530721719063	0.1755202551160795	0.6851778640898017	0.4582480311913656	0.8882534214130201
226)	0.2732720808479592	0.3448158945577048	0.3836347281483473	0.2121466007802807	0.5249487804090842	0.3828357427843052	0.3172051888332129	0.753293121352816	0.3429443771606364	0.7441680671811592
18)	0.2508340198317248	0.8599755569456631	0.29943801894470223	0.2529805046497241	0.6632770470161282	0.47298399056822105	0.38717262782863904	0.8057286074367852	0.8568955284050157	0.7070434956891432
10)	0.30900034852440217	0.7795983986107496	0.697734907512956	0.16669413119885812	0.9824078296095496	0.6253237577568076	0.6103281532093938	0.9765001270158553	0.8596182957290651	0.7782892154498485
274)	0.45526125338041423	0.27274476890395627	0.6144806684872237	0.18335400742286057	0.7350681632095265	0.7214549869891034	0.10795460143831048	0.9332670840231287	0.6641831960958837	0.6726088399557574
64)	0.6424685981654128	0.4088792202469834	0.7093654458159975	0.270485889197416	0.8584415473916255	0.604514627149687	0.31977322627438365	0.6499068382880037	0.7423468167300954	0.8771207824694917
400)	0.12118627903937218	0.043596851898683786	0.7608430512675556	0.2676263472436272	0.7281465425284142	0.4628548423556488	0.19151391584598532	0.939782760082446	0.6238377794338953	0.7696199555627325
402)	0.3097768456055956	0.3802142241962153	0.7259498086660109	0.3359563504552079	0.9241499195077018	0.45735504114224346	0.673018283939911	0.9894844264382239	0.5613515325585243	0.5528165624897052
176)	0.05460812646444879	0.13223461565123995	0.42601901258106467	0.20026393873204962	0.6743236624241954	0.07308414264947238	0.4855449158630295	0.8126630696545818	0.36269535530580277	0.5704191782481358
499)	0.15526614149004048	0.22058462346809538	0.9774656111967579	0.10883902623995434	0.6508029991369624	0.7686739862692902	0.01754883138531027	0.8615797304155128	0.23709239200325627	0.6450816842414866
248)	0.2863731194791076	0.3923854320811532	0.7918512329736273	0.0432215502885146	0.431773388589465	0.554435424737161	0.06636653104425716	0.7840066348165186	0.2543070475020095	0.8232269902042144
110)	0.19520093883369538	0.3662981200304196	0.9749543589033207	0.28202920165468537	0.334422581623805	0.9856369123402908	0.07446874484611776	0.86694362905042	0.5042012781591255	0.7326035042447868
405)	0.057608545642456765	0.6469089315520176	0.980730682944214	0.7369462658937502	0.2342854704087587	0.8896394484782392	0.02575297993275283	0.7792225868288619	0.8444060483118773	0.3503634937589606
202)	0.02608450521388661	0.362982614735323	0.5180305222142246	0.6040591907560541	0.20100074834398907	0.7508763792029006	0.2691349278274844	0.5523906788763029	0.4194305856739128	0.2836099674377627
388)	0.22717104964510593	0.619768214668613	0.3796614271806059	0.6542884240038098	0.2229595125648487	0.9069129682998033	0.2690363583569447	0.4035500654189743	0.6746972099819418	0.5806707183764669
87)	0.07160379461501021	0.5968614644069085	0.49859687569685474	0.5481835598658806	0.30616421419444173	0.9906342627731619	0.33862246805035456	0.43181899369392907	0.7144913096107074	0.273796078111771
54)	0.05238812645692448	0.13628212203334145	0.4348993146930489	0.6799110364172396	0.6212826674295909	0.8509141823068277	0.11929113212325759	0.37988768839810483	0.7707053805867863	0.2491073893585356
458)	0.3436702415005206	0.6942744990488146	0.42969199910920963	0.3108878258865586	0.4849103788153182	0.9946316287321006	0.11633477366663103	0.7485759379609649	0.9963915637313879	0.08964837046891139
420)	0.36738569841205204	0.5339196457663224	0.9874286829409733	0.3018023777346004	0.250123955443581	0.4790254855802303	0.3387986144234957	0.9701743582272538	0.8565742428193498	0.35005072935099957
63)	0.37312046783579444	0.4385545867531734	0.8639333907383302	0.4826039437830758	0.4057399896621089	0.940079549566491	0.18045227317063817	0.9823102135057693	0.8559936753056242	0.2417021356737692
398)	0.5537667398856523	0.10950089109627714	0.8689683421763135	0.844045784830814	0.1200489440552508	0.6570918086957713	0.4016072504782723	0.9397932392027201	0.8387110550819716	0.5247532417730639
306)	0.3104186249619345	0.034345124080193745	0.7421455047014198	0.7441761636339125	0.5071330708563492	0.6976712924539286	0.23263307394723132	0.9534827493796051	0.8638941485370315	0.5860712367026841
349)	0.34287428503656125	0.749988797242001	0.7155183825692403	0.6563132883755693	0.14777530057158028	0.41193082796659475	0.20446254631702687	0.9821487397885854	0.9972294215828127	0.884173900569017
41)	0.7384515305314945	0.5853103927119501	0.8122362779627881	0.5217773936163203	0.029956597665086293	0.8263756067215121	0.4553549670732038	0.7728028218089087	0.9272911735521501	0.7966902388813616
305)	0.9138631314159824	0.39364193438965045	0.30801312114402435	0.646092628652368	0.160135024616459	0.6796024656956827	0.04837794550084007	0.8430565234043921	0.748500015345463	0.15389546252805775
105)	0.796999760528667	0.5144285940785093	0.1078230751698096	0.7144418335142413	0.15715650744429033	0.9669085740081871	0.30396353564287937	0.8728958517621116	0.747514681460955	0.39055618282314364
156)	0.5219624084603138	0.19077280208308	0.1489389365975453	0.5589103673672454	0.4813584452023837	0.9104803241382844	0.5499010945896263	0.575242432194514	0.6885045051822761	0.28375590099136805
66)	0.9953652409958986	0.5008895041536758	0.24794951921663877	0.6920591198056676	0.5844120756954285	0.9300439181805716	0.6089031038167406	0.8806471520789401	0.7384334058920138	0.5007091183337946
125)	0.8957214235390746	0.15689529828736704	0.08042689939010506	0.298826380498185	0.5806227397691704	0.8010806667307246	0.2735830882278494	0.985655020684721	0.9740086085498837	0.127917768362672
474)	0.5386837264672701	0.2880791754545079	0.0566421037631476	0.22009329669405286	0.13583936040137168	0.9965486185120302	0.5174147598757649	0.9164637467427801	0.8301651757944467	0.4407016464852117
348)	0.7300522962460669	0.8846958708872955	0.06846163922456228	0.3272513161552978	0.3673594182825406	0.9223473388332029	0.791405830574018	0.9807234940209526	0.8998973052666157	0.759191767077669
3)	0.38194344494311006	0.6038045390428536	0.03647605659256892	0.5769014994000329	0.05994198881803725	0.9809208570123115	0.10514768541205632	0.8905459447285041	0.8904115634420757	0.5988433769284929
134)	0.5041891650733383	0.04486947834046273	0.03725369760647268	0.42578973327401537	0.42670078132930045	0.5176607214517689	0.26535090230946934	0.915265982128146	0.5815092829577229	0.6993870140415632
318)	0.00827288348524069	0.203809009835223	0.31871351607196774	0.16775987525685998	0.14340153481832596	0.8604197132093869	0.5821979570609466	0.54535644744212	0.9464337083821684	0.541239572222135
28)	0.046527167666138625	0.28575198481557174	0.33253590652220666	0.18167941079661343	0.6018486061318925	0.6365170412547786	0.7609127595588501	0.9281846814636464	0.9445527910270574	0.9921906895152471
394)	0.09685453112595055	0.009982139113042021	0.2403048205103241	0.32576646397175624	0.07370738303747526	0.7918591727237821	0.19904418917542155	0.9373076068609756	0.7314530924696033	0.8352916640610947
1)	0.10837689046425514	0.20920212211718958	0.21969749262499216	0.2740737470416992	0.1719410127325942	0.8116831490893233	0.18532821955007506	0.8162247487258399	0.9786237847073697	0.891321954312264
462)	0.23332106479893788	0.04902749133618789	0.682091807331664	0.8939032476431882	0.4664982812741435	0.8822339987292729	0.15372690334093841	0.8998001078262853	0.2058508321434861	0.3026458492616819
286)	0.16038266887406782	0.3829183782109321	0.6799338466634918	0.5940783828153899	0.011367739816966371	0.968901939078866	0.12260644659473585	0.9058531363538583	0.09261779697510608	0.5473124579693897
35)	0.028463806171351802	0.2299691652490331	0.1228477519037694	0.5046658125966791	0.28549182770003945	0.8290227537008228	0.05120709286293723	0.7810640826310915	0.2202125178336386	0.6350881477509265
85)	0.06049450827851821	0.14710484933761359	0.2578656308496723	0.21436450568575982	0.20185448655187266	0.8240837710969812	0.26562391867980684	0.881092325628702	0.22906133301836384	0.013114781463635872
310)	0.8929188008093082	0.04434361412756371	0.3252194086045678	0.3233608242054875	0.8911833971092472	0.8858791259397133	0.7458668945345438	0.5532887378577952	0.6786840534650372	0.6155732653320052
165)	0.9356990552990209	0.3061248038746077	0.39721291542204684	0.30162759524009275	0.5630146389495626	0.6495632235169532	0.7610780026256496	0.7951795515895268	0.8464486627561191	0.7298698061516581
475)	0.9684473454418256	0.257793675181073	0.6018574663213551	0.39040404254458605	0.5822508605647269	0.7133590318458898	0.9531199933472155	0.5765899816880865	0.9808876005108796	0.35223441718369686
233)	0.7027689415983841	0.13856583908401732	0.5331213685889172	0.19366464653169946	0.7576796103562834	0.6123445118530052	0.9402405052822462	0.42910816103989646	0.554859030576247	0.20063517707944478
454)	0.60475773170084	0.4478952439492898	0.6244027670483191	0.45168788035592966	0.8436066733112644	0.7308304308044903	0.6647297712525874	0.9869620552426701	0.8863401829053482	0.48199824425601057
213)	0.8176137398775479	0.5727635681861636	0.6358401156789826	0.2336624331230749	0.7949029676758996	0.8105864105140452	0.6754753119859666	0.8903678963361087	0.7167177800551369	0.35192458207673105
224)	0.304886397499472	0.03662727406180233	0.958806106656108	0.13954883297607346	0.9353231758787479	0.7610703807122494	0.9327621594377898	0.9863852082106924	0.9526535896987909	0.45061785469983695
154)	0.2069976728617	0.1184178724184225	0.5753065428327402	0.32585486152174437	0.46333524909134305	0.7426784306013686	0.9028970120432158	0.7434495633630782	0.6862042632714385	0.2933212131132146
315)	0.2770785291136665	0.318239468277712	0.7804579341352116	0.24926797520915334	0.7976621911556362	0.765699350896666	0.9282670966376587	0.504759140142618	0.7178666487758103	0.38711037182472785
60)	0.40601117716635504	0.2070405888350909	0.716880130904611	0.10771652388871167	0.940740392297392	0.8421371025537246	0.9560226669224692	0.4698011067009591	0.6723314084399745	0.4098464718143954
477)	0.01572083695208859	0.7149317707524366	0.39751327028237826	0.07953820820871171	0.9401139261119227	0.8966462771909057	0.9679872800006379	0.6562817006838447	0.8301435519010392	0.7544108622278297
235)	0.023600910560752975	0.5412091492520292	0.39044797224745775	0.30593479609002894	0.6066335396350918	0.6972906167482215	0.8761109132979057	0.4260621698165866	0.6000104710401283	0.22809483780106887
55)	0.094895480739556	0.726637982999317	0.6649769518322519	0.05725321925421012	0.9450056911510231	0.7622909202623359	0.9144831910873826	0.22374220285139934	0.35687279405119077	0.3137655042597186
352)	0.17245554402076335	0.5859549243216655	0.31030570680603253	0.25836068646599275	0.6954668879701837	0.7599611225145587	0.5980419194333357	0.9611030582565571	0.61987771499303	0.0801015053940527
311)	0.015269221750754736	0.5682935239105305	0.0180509994171838	0.10701853258602934	0.9001440957937189	0.45441103468935073	0.4513867472745412	0.8148120801679335	0.9985962947638763	0.20180018508656106
244)	0.0895425221778009	0.9433230513370252	0.11751047601304176	0.5220302588784088	0.8926783890783363	0.9974241331803013	0.39904138969451086	0.5815977760607558	0.6439922272573311	0.30280153616295735
488)	0.35238459055689453	0.23201980399044286	0.42041971886683716	0.06559436619446213	0.7740857482648662	0.7413204822186833	0.17261188549673023	0.7184082603136298	0.855451597625636	0.23859006570519115
240)	0.39961784707770476	0.3311014881716753	0.3673632600939444	0.31090564288954226	0.7958459583945529	0.2576509775293214	0.32037670948883	0.7725335516022769	0.9479612621488066	0.22056705681425048
150)	0.09983706037309492	0.41089965514041216	0.9230915772665108	0.4778798025702956	0.9794814548692318	0.5537843326640277	0.3370358882273331	0.8232151473431631	0.830181945734501	0.10651011570669222
419)	0.10682997652724369	0.13648315017852974	0.27374022284000654	0.6027543897973795	0.8364052304748724	0.9603629027976692	0.7864576394567309	0.27804498546970235	0.2927611404104229	0.6502994310185635
141)	0.08475154030616894	0.47540202960351596	0.1324622216120035	0.23730527626653974	0.7568922196607772	0.8956030168442797	0.6893410684832622	0.4900850406845839	0.07182242396503291	0.7015335978710713
172)	0.08521927897368686	0.0037417365806980962	0.005071200245123086	0.4073525194867701	0.6309917870351522	0.4718011627838419	0.300781202855432	0.4639582710711576	0.056036595574382564	0.5454071658770696
338)	0.13874805745907137	0.25888897314038584	0.001170178319344961	0.24787740440895745	0.7405121003254266	0.9757472681020326	0.8772588572420371	0.9853854321344099	0.8145215970120142	0.5800226927295421
206)	0.045508039793436206	0.000014618569125435243	0.25629991665119023	0.015089138239770206	0.8205020004331068	0.9530732704218641	0.8093150681003541	0.8008886057192945	0.35560447016713537	0.5407134354310187
308)	0.18999613060306453	0.1949195002285815	0.029022084212992016	0.4579148789559062	0.9012947558883783	0.9344438663474166	0.34841268798315306	0.48880120872566546	0.5526127067337212	0.13388850061742563
246)	0.3540718562104176	0.08214387023670255	0.14082287173999786	0.5796314628207054	0.9154216232713642	0.8686846975093611	0.5382123683416508	0.7046417053996429	0.6421134547976385	0.015462335820540019
250)	0.15010421269138918	0.2672687466331788	0.39101395566189867	0.9710683135758011	0.49623319916241193	0.9456083829929318	0.6210494338674541	0.8325120676300366	0.6563956863947911	0.24952643886544024
72)	0.2980776286541513	0.1900160836371645	0.18268336777640204	0.7616713142711553	0.2325800919586698	0.9506696371583517	0.5997405304143875	0.7390820442705245	0.5030276903035737	0.12223180018508994
401)	0.5500508423415753	0.8321300791054518	0.6507091962439051	0.971189086632068	0.821002241247897	0.9704740047924837	0.11892376655611359	0.6912133695466914	0.5525249031412237	0.1057867117700646
383)	0.5065330833524632	0.4893243827011713	0.6168226730657989	0.6822679180096551	0.7440402773745123	0.8889963598415455	0.043020819880799865	0.9901273403775731	0.4973389992256009	0.2140572888219735
366)	0.36131527529933194	0.3596085529536521	0.4919280002002362	0.773859671044387	0.5738075643212366	0.5027817154556106	0.1970585736025744	0.7284219848850636	0.5763331923463884	0.056860663574915815
273)	0.5157761815619474	0.417219399282841	0.6767732447596515	0.9958772704933289	0.6476217766122244	0.31116770889324663	0.043441024088140545	0.7762547881397559	0.286809416121265	0.017283885391191744
300)	0.3088978723705127	0.5689124903678172	0.928405015938131	0.8580739387869661	0.8439084810496378	0.9018688902756336	0.40011815264877715	0.6279511989340865	0.23497768519031925	0.0767354550543764
77)	0.2737262760819733	0.4311841945956453	0.6422025693611261	0.7037406503612524	0.7753971680607056	0.9084847728691557	0.2719515607303118	0.33911251996550873	0.44991232849801055	0.12065632604964383
399)	0.5380300830043582	0.4943393063817342	0.5745676774735616	0.9661669719839227	0.7932888276528983	0.8473012440155853	0.13020617332500262	0.34831905570878063	0.07832076737457105	0.0681086870887162
270)	0.4095811233829447	0.2368519295072462	0.31214401468751785	0.7355784779381703	0.5949531622791119	0.6472152088652817	0.23715510956154606	0.5610972606205763	0.7773791405188846	0.38600509148323114
68)	0.5732346168518381	0.20884415472966478	0.46252622730189574	0.7685351778741765	0.779227269647643	0.4872415437421902	0.31653691874943835	0.39013589036969454	0.5026185641627156	0.2897107697174295
303)	0.3997858650112901	0.43815628468491785	0.2401059378530931	0.7356485462322964	0.9252716179094037	0.5339104785692542	0.486434298694998	0.17621204791798795	0.8780536266168156	0.17414928262803486
492)	0.5075284933212627	0.11215595151907298	0.6298199685886965	0.7768572411232086	0.730064812689322	0.13707202186257228	0.25619025482314994	0.4515022565397566	0.9023417174836763	0.18443030773588054
494)	0.9047825004996636	0.021957923588029615	0.4200924816769118	0.6215996888471178	0.7597749736142	0.5403596694752524	0.258591375680585	0.3957186429288072	0.6810013194348898	0.07911038591226038
265)	0.9451697159388819	0.04892475352489234	0.07022427327670122	0.6776445786801458	0.685115164211735	0.4275701816482139	0.17751407177957346	0.7045980638246907	0.5586150347139839	0.02165872260776691
132)	0.8358357265563577	0.22690455327666803	0.8448248361522572	0.45235156403029386	0.9392472675098845	0.546782964496524	0.08429111728710181	0.07931879423077193	0.9862113096080316	0.1456658259076853
339)	0.7168935961651909	0.672157137984315	0.21089504352678745	0.4139552165100233	0.6986505717119796	0.9146560341208844	0.8992310788402962	0.2732327120088671	0.5483496856104392	0.06163824736129586
19)	0.9538047341676628	0.7327606050157152	0.49049905188389964	0.40588132236756125	0.9024095032479662	0.7329950198379923	0.9613974775036055	0.16224691874820008	0.6321920644327551	0.07957343897032487
423)	0.4337514844286562	0.4860831147351443	0.284118920715246	0.36235925756292797	0.5772700925072071	0.5169188870465539	0.6725684544158439	0.3537328497118917	0.4396888581679659	0.2337936812816812
237)	0.5425275252145465	0.44056339165796143	0.448222574806899	0.4256265908151078	0.7838410892462168	0.7918201402916235	0.684666782722396	0.3643392479252143	0.8895617038829644	0.12853723219767765
445)	0.623286415855092	0.8206218628390998	0.5188907899787495	0.8268113703915212	0.9838498042280532	0.7313145822221552	0.7661042610326763	0.3441254086089489	0.6570939016285359	0.43533635520703295
34)	0.5043734512337575	0.5989791554809532	0.30687852974345065	0.7987452725553391	0.9705508020302188	0.9249269434027916	0.5993187807242845	0.39579460989699644	0.5413529803491126	0.459553670010184
44)	0.5118226737134436	0.4057345325726489	0.4825851038502419	0.9934535770806974	0.8043910806692938	0.8062858732427213	0.6589654345726036	0.14770043610250894	0.5240217982839889	0.3810072706070531
325)	0.6064524785047586	0.7919175514677614	0.9255888178869496	0.7275480131279776	0.8333468863964227	0.9146308929342767	0.6553507724524359	0.5248821573215225	0.7830029056093124	0.6528941377998366
168)	0.38026409120714566	0.5468822042503823	0.5043063534675264	0.5335261751601627	0.4383981314698904	0.6812192775196247	0.46789812091144234	0.20239890216743617	0.5688078551862473	0.3915881311517817
255)	0.5397166540765201	0.4492356662699035	0.3647516237739823	0.31067412595790045	0.8352262764291084	0.6363379653461602	0.3072540096627726	0.16178256824768245	0.34239671492882306	0.03638953778037246
196)	0.5992742458026277	0.8202220024456158	0.3113685497084473	0.23125797083160604	0.8988117636699073	0.46673565089989444	0.16225500023868	0.2177850216685484	0.5329207660499793	0.09506381009565323
268)	0.9210800577394697	0.27337289701473766	0.5303802430384137	0.9100407415418862	0.8935412681392788	0.8037915437267352	0.6312361779306195	0.06456489927913889	0.29605982187836544	0.4981369907105857
8)	0.9921580365105283	0.08846017300289077	0.3950359317582296	0.6340366829622751	0.7543489945823536	0.8054505373292797	0.5280352233180474	0.3130664415885097	0.3355964417185683	0.508698893238194
221)	0.8848887860691418	0.07960235853485786	0.6335484849141201	0.9285521372598071	0.5118255125703508	0.9817325535709899	0.8150120049988917	0.4843064548311369	0.2764147339902171	0.45173989125895353
58)	0.7289047920416258	0.10100427170620596	0.34187889271524396	0.4751215567999363	0.9994791511322937	0.9563476061071962	0.29502169857893545	0.3373519213932864	0.2860681555183966	0.3083867067948075
422)	0.7392112530646515	0.4839624182802025	0.0552254895427754	0.7352963330226533	0.9217461340959203	0.6116657616016977	0.3123732116813195	0.39076871525089096	0.2741785225362351	0.5209569527745419
0)	0.8447761323199037	0.27836938509379616	0.004718856190972565	0.57509332942725	0.8258527551050476	0.6707490847267786	0.4245175907491331	0.13670658968495297	0.12156912078311422	0.5434049417909654
24)	0.8309037646039747	0.627686279501054	0.23979218956447224	0.7044204082888571	0.8582949253267775	0.7118996585829157	0.43839309463984333	0.5590558855960195	0.19005270791973705	0.16926890814543094
493)	0.6833788667761647	0.6579366853793198	0.33079730362638726	0.7900037269806754	0.587081494788093	0.972838462120685	0.43297115170902833	0.6270978242075201	0.188098223296031	0.9502083436803261
469)	0.47257874332515415	0.7479539822206186	0.32004086133267995	0.555036144606739	0.9341968828389035	0.9226014967443072	0.4124815110153829	0.5748977548136631	0.36343019827593226	0.9851224905538141
254)	0.47582210398336033	0.20371440997822887	0.18577475805838295	0.5379360541037149	0.6580264845202392	0.7254789967110697	0.10437891450677905	0.4577732138048901	0.014392036959330445	0.6832531122524246
92)	0.6964934161855384	0.44940086096850873	0.20657215375013938	0.5127646181849301	0.3936551862994325	0.7220107222790408	0.08179437299051329	0.5911130758518441	0.09570310018074724	0.44666536992172634
96)	0.9315367835142864	0.8138696157910104	0.006986692731106969	0.6446775039355818	0.8888692517279119	0.7825015421974374	0.11914570059659024	0.30537562757152403	0.5383962494524664	0.9953588810927804
302)	0.9203965204490315	0.9241495914801713	0.11164436121469723	0.6224958330595045	0.8048403909764992	0.8765675634612167	0.2246044456475873	0.9761498674772556	0.615646451065804	0.32450278076184347
198)	0.7804889882753501	0.7653488403885151	0.19560288879104415	0.5693031343716985	0.9919550821521026	0.5772746745667372	0.2631448297212461	0.7913816050131551	0.7260414147528189	0.6785249854371967
367)	0.9430367662469061	0.9327455495685842	0.3762546726628926	0.20621991266022976	0.930318977083641	0.7191233935941231	0.6090247290097126	0.7452787805416894	0.4779483048217791	0.8194525914652697
287)	0.9627344638568245	0.7132765189686544	0.18893500741735536	0.057967984961489805	0.8933435119588254	0.7659890353115191	0.7221980640335451	0.7092241515458911	0.8181412463154899	0.8073028607259749
470)	0.9329389999017859	0.3159601440844191	0.1578765294507758	0.19126206440363813	0.9508515346553025	0.6780316273670275	0.25593760773604113	0.6794444365519283	0.4224074957599222	0.6434103416200734
203)	0.9243188843604245	0.23290084863554672	0.09067431054700836	0.2820000056984462	0.9245314389365357	0.3939192360886443	0.07787312807432722	0.5630057949334659	0.44983453435497744	0.4857312500965575
258)	0.49731565954689083	0.2551110943991781	0.08768369960037459	0.4529214451629219	0.910517381825028	0.3135402051073427	0.5143577810513121	0.9347414247182452	0.6612351990020634	0.12249895415895928
205)	0.49687534696167823	0.16640160508574275	0.017574424913487152	0.26252433724944624	0.7968416048079975	0.31401940546590157	0.5380157128537876	0.8151485933609602	0.4986497064156463	0.002672665330745394
482)	0.4287540603331247	0.596108174934397	0.04577623642884676	0.52030539907847	0.8489642627031437	0.041654006966895585	0.7015859806712161	0.8894876592549044	0.45878334940767185	0.029439177563962415
353)	0.6744806810717933	0.06343141944143904	0.5348514776202881	0.4844398795945749	0.8833222939755787	0.445233024545015	0.6126921391619774	0.8735981112881064	0.6835223753029407	0.23563831182785766
290)	0.6950698577709074	0.08395215796271172	0.35823138340232896	0.6901522073884271	0.6304333220152808	0.1743443956484153	0.6321457223876036	0.7675821477467607	0.654898199402412	0.03212877574511441
498)	0.755232542376447	0.4681351957777037	0.40047160424367545	0.1441358411548248	0.9537386798153763	0.19541181463782376	0.641893319806585	0.6543429494190276	0.009940916295467006	0.29671224354313863
234)	0.8253203490263497	0.23694955465767964	0.29447607671102527	0.3169583192708948	0.9166560001332638	0.48156702447359634	0.9199667981173002	0.9539839041866526	0.2820242774392092	0.28038557355816296
191)	0.5742523431850622	0.38347195638175957	0.18946085842758398	0.44451878804335954	0.9721110397773164	0.5675848387066655	0.9777236387186733	0.5162818245530992	0.010051317893928657	0.0915527210989594
177)	0.5067871001227255	0.19981058963164633	0.14058524786469662	0.7801973338627389	0.6421703743662839	0.24636008097314388	0.36822032910131	0.6000810064866912	0.05078004607033515	0.07916731196328397
147)	0.4395175508792293	0.2322868658847227	0.12758722965346203	0.8126174949915472	0.9101874398628068	0.2602057588729648	0.6184525100750756	0.8957269920353753	0.12584313590294993	0.2043010970422382
364)	0.7846846872598848	0.10222708539246617	0.26346198353139505	0.999338882552342	0.8079187222547036	0.5983682261667791	0.7622372603896458	0.611363974252976	0.154171634316843	0.07641012040980077
275)	0.6539929330457755	0.004173921791854163	0.004663928408825901	0.7125304444516043	0.672283292328443	0.6027057057520094	0.5890246126120723	0.853559508151387	0.343584705765835	0.3226005195386681
13)	0.026544641333941965	0.27356292002744065	0.039998689640650786	0.9931173724810448	0.9908928029248271	0.5823441702167689	0.9434770977427269	0.9926422374029681	0.28314035971981955	0.09043278819643585
391)	0.2129163679750845	0.2675674817627909	0.4914674915866083	0.9539542172034756	0.9440088324447474	0.5159075097390502	0.7310730244739782	0.4865028778498274	0.19381786293659997	0.4040784871992449
212)	0.16430764224030026	0.22806056323149027	0.36218579884556146	0.7533100606885773	0.9497437108540498	0.5868051409599079	0.21994411396937763	0.5482130831668744	0.13765585436174343	0.20653317339123856
292)	0.32641849638105036	0.6280113382365953	0.8062634856610995	0.6633977181122226	0.5012956379182346	0.7264721798841266	0.9312317173475148	0.9614337733929351	0.10658944552026695	0.15092504643321536
238)	0.3712670166683891	0.24444032378142655	0.7720551066582874	0.5962823935099183	0.3150825225293239	0.841919475607738	0.47088784953752605	0.8912494568709831	0.05937789742296018	0.015820593498559132
341)	0.10848421194606805	0.13511675712837412	0.5799231838092979	0.32583801261736844	0.70721853707581	0.5332297858432239	0.478826512728457	0.5151563914691777	0.043464291437499636	0.01294702071887599
466)	0.06993127910970487	0.07717345075191362	0.4817818566773051	0.7839732892331056	0.5420821043210109	0.21837558709981642	0.6236390141687617	0.7391811019753175	0.1938800840329582	0.0004886924274608573
109)	0.20619006742896495	0.19670375571606524	0.7673694729405008	0.5425098909424161	0.6426574367170579	0.2626287020702287	0.4978025146393892	0.995231024299065	0.2566315513368608	0.1447138451653326
425)	0.6728980445802132	0.0579841921770079	0.1617849844822682	0.9190904571210906	0.9472816881805342	0.2830594497343437	0.07959958138365553	0.3413262551223891	0.8434761089802308	0.9871338987648821
157)	0.8681934138221536	0.01371471790141976	0.592290016588266	0.8865756095454737	0.9443838416688595	0.028684206670741674	0.016639330095987392	0.5681345511188453	0.5770605834985535	0.8725507559729314
433)	0.9566910893504315	0.004856415936503766	0.12720417171737863	0.9953213502083968	0.6250251839926964	0.30671133080131285	0.02497966855054612	0.31243411099425267	0.24593173549071246	0.5710089661740461
385)	0.9452988440600031	0.4358292755697277	0.36778107993041054	0.55321813728559	0.829575637293351	0.02938485179522843	0.5846788413110799	0.763040520898297	0.8476902070187115	0.4780583457518879
343)	0.5908659480530694	0.6189737074184799	0.3450966677269387	0.7156185907583295	0.8291811884523649	0.018770696343873294	0.4149882285385572	0.4655213084584856	0.5622610143296046	0.5895796705228339
395)	0.8921888181897849	0.39013399030014506	0.25254408262495853	0.7581251728052458	0.9517239279237867	0.02336102323598166	0.09222735440610874	0.45229036532931244	0.4170868840048312	0.4638025944554337
140)	0.9463604828314498	0.4302903041270809	0.17242229436065704	0.6909316621432756	0.6363713001376592	0.07667765781353608	0.40566811545828285	0.23536361920034266	0.29771289070252427	0.45584837494961117
247)	0.875768576125234	0.684441452228487	0.44582203828480504	0.894790897665899	0.9641657035944424	0.5180952245545035	0.8205806892116522	0.18264909124385276	0.4257662324395818	0.9315091640318046
173)	0.7445276206326205	0.2188988440859546	0.21967283120828462	0.9128408919669123	0.7879872977910313	0.46704039944431797	0.5889406379392631	0.38664379330053433	0.3168151295382132	0.9914125203241955
428)	0.8161720706566629	0.019979386954918965	0.3474454479020722	0.7363299526625274	0.5519643009504052	0.08433144705351814	0.6374012834313206	0.29763464433446907	0.4110538698365215	0.9155573349604588
356)	0.6145697542940247	0.07211168715558947	0.6661781005113243	0.6477968496551854	0.6984820784771925	0.6611184655834369	0.35333411109362456	0.4562987556582744	0.2772158982588693	0.7972951581704367
71)	0.7078790446085943	0.10528115445790953	0.9225381437161363	0.48712869117962754	0.8710483215307725	0.7121099683829537	0.7656025630259959	0.43066181495719147	0.5090713624505511	0.7304114921128106
65)	0.38692991753348105	0.1808249680067895	0.6195852092738365	0.6195032797683993	0.8264448382313554	0.46389401201881464	0.5377051151480724	0.40099782742517387	0.5485863059731005	0.8584748656310555
377)	0.895059520224982	0.21735280319429962	0.6001659184543665	0.32243079244561546	0.7756230372603214	0.019898645798142933	0.23340070385746503	0.6464704736571971	0.10779849531429575	0.6276829594872813
160)	0.8471495050543999	0.061331482822904015	0.4960939674558972	0.587100881928441	0.6923425209160122	0.09287280289558064	0.3672211295339659	0.5440423565249032	0.06355241209802098	0.886905875847613
128)	0.7361756641436525	0.18323767728674134	0.7691806543037816	0.7636379599454243	0.8882765396191937	0.05003444557329528	0.5246458717058053	0.2147040239772653	0.12430065059756668	0.6666985316556433
373)	0.8289397127040454	0.03282915081905691	0.7553950923862458	0.34488819843801877	0.9811841927967342	0.4127037830968304	0.28467387644847286	0.289360894895755	0.06613149672365215	0.4120672239563815
243)	0.5738405061740646	0.29451999055406075	0.34506605824920145	0.08043814640208524	0.7097775159090698	0.5085285148287476	0.3192035869056269	0.07610722372444756	0.12878323808093017	0.9545359757706492
118)	0.9165669493642231	0.2415222455550552	0.4733851293003041	0.17666784836273353	0.5805528232392523	0.3636516664196304	0.07540841951641519	0.17429071474182234	0.08418607219698104	0.8472404043737314
481)	0.8756328851183076	0.12002792967825837	0.7795259292847623	0.7587299686251403	0.26119008344399264	0.047276640873516684	0.8087155235038498	0.11767230995468458	0.2727051933831067	0.9286848357243354
427)	0.496152428911834	0.2595066345288115	0.37786902484540486	0.5166443507707259	0.38283016854964647	0.0807383419378197	0.6743697086427345	0.027565192426478702	0.06185680333536492	0.5252685144823055
285)	0.6607536617529775	0.39585827969480036	0.8084008509248238	0.8553569849863487	0.010851183164456879	0.04047899268329891	0.8712510719778082	0.2401335383907386	0.31470820081441586	0.5844186328793489
437)	0.9442807318258564	0.5357465372820215	0.4984751112275496	0.9495057107837073	0.37408010234911515	0.09594232292882976	0.5167322033966755	0.1192775071309976	0.35665827079612933	0.6125809880402271
313)	0.16487699115257992	0.25293347957585	0.18607188549918807	0.6512052898081938	0.26751197741204	0.03515564079489497	0.28482729273305796	0.20774769561612927	0.22663422625891305	0.41530805441531315
129)	0.5503742045883477	0.7129585744044429	0.07900096567370696	0.9417483681506288	0.22359774593810555	0.06569738215567489	0.8140129380314727	0.2510128913790576	0.36885365127731673	0.6488401379005407
342)	0.1888072695138192	0.8274969745696679	0.9832119971132599	0.9401086415310071	0.848950653623243	0.6178640829362115	0.6837768771947794	0.12823143308397766	0.926462171372805	0.01340670587219761
336)	0.04984474982586551	0.4932606888856209	0.9262762026453243	0.8137128785690586	0.9958134779081461	0.3951187733931676	0.9509045975772971	0.15774315373900694	0.9852741384255843	0.6075895270507318
314)	0.09089146277874915	0.8409666219617217	0.5064321765382	0.8639324771182381	0.404411334017154	0.057036942097795085	0.5915942642561067	0.04673240597027817	0.6961342124445962	0.09579402327107234
294)	0.18145623358293483	0.5242804601635627	0.3390435603465828	0.5382397531430673	0.7184864934033994	0.01956878202737189	0.8354333301637958	0.19011657234317914	0.3439951748345875	0.5377566442122961
91)	0.43871374689137466	0.5347443302731564	0.40966714178368036	0.9139261452578302	0.8066866320537381	0.08937483777810629	0.4966394675328142	0.15657531573242267	0.2606110148444858	0.292207224946918
455)	0.34128731820955494	0.9857090752797414	0.7820432261098095	0.8872715387847202	0.9188369627325602	0.34972160982225287	0.9462651690440098	0.3553721876279059	0.21308992481749978	0.8023986291659936
223)	0.28799525781942414	0.6858507827768542	0.59115646861928	0.851854733324543	0.8181232959646325	0.45042970700776097	0.6486366265744806	0.13927806466646442	0.5147538512541976	0.7143340537135638
361)	0.4472990249656551	0.9373451523506802	0.7610830750222651	0.7699698596253883	0.6496627433934211	0.4175444103452459	0.44254072144748957	0.10660404630171616	0.19304848613625036	0.8260927219358049
207)	0.39402609948987466	0.7650469073388174	0.8876316340170005	0.5434537372094468	0.8732192360441522	0.5300959147617336	0.4628122217034205	0.12685584353317425	0.21645237638769343	0.770562144087494
323)	0.33099456471795374	0.31580551863502626	0.6898059931012642	0.8905235590258739	0.7313104683794479	0.5625892163969478	0.39443910889959277	0.29662144897789267	0.9945987371172688	0.6900300242064804
9)	0.3126402978757431	0.2967937508800147	0.4569791300492658	0.6576248055289837	0.6411012587007017	0.2542575178177181	0.11078790118244575	0.20012360721840317	0.6589400702261969	0.5404045753007164
38)	0.3783269956614701	0.34675413017620393	0.38407945904141416	0.5808627476668515	0.661480973773685	0.24449092930615968	0.10956460430560977	0.09849288379186216	0.6654236879194613	0.9392555841521393
236)	0.616451253989398	0.03679420099038733	0.5215987939359118	0.9797319991102094	0.37426031579134955	0.3543078156483338	0.24258509272969575	0.2285575181174644	0.6335908537177422	0.9556736231018814
444)	0.07489275430531817	0.5606035629392307	0.6496432787855547	0.6339388348684178	0.681556958351289	0.10624305224846475	0.35116911200498746	0.23804684421249345	0.7260601298880782	0.44636807608085194
439)	0.12287909822850485	0.4460539332085919	0.6312130421778563	0.3933853839816339	0.6504752716412221	0.08356149729565865	0.13656944056558595	0.10983517114590591	0.3951385997821789	0.2936272021078883
393)	0.09420594387830583	0.3066178854589059	0.5690927200357608	0.7617114759641018	0.8797361245330241	0.0964216538966517	0.05599734192068917	0.4659259623791574	0.4659392789897978	0.7976954983955169
199)	0.3291101703342819	0.47895484044536685	0.7756162615317937	0.7785646967742146	0.9808978183405757	0.1052474723561807	0.1407954883790784	0.36479809161456167	0.6330310027454176	0.6308910140753623
411)	0.7668178517398145	0.6357875236757518	0.5588210943522002	0.8659881939873884	0.2453884345914511	0.017459268677865625	0.03087580220716546	0.6759230131716527	0.10273628939378965	0.9204304895808588
317)	0.5929857428169605	0.696064830667161	0.747596322174867	0.5130912621916098	0.11914691100898134	0.02092914510432109	0.011811387285786568	0.8714230425846465	0.22005076504806687	0.8072702241445144
485)	0.8828718338956142	0.4506551430432977	0.9437861053876953	0.49686827611047346	0.38757306929568347	0.1126854538106673	0.3470526177976545	0.5236403758229934	0.11019515794787149	0.8821775778719767
95)	0.8679865440385066	0.5893551623652425	0.9365479368445849	0.8267377704644704	0.12532193725528784	0.2770071902007831	0.6066268202107414	0.884720788157515	0.14416045993162074	0.9545457112974848
187)	0.8976827736457577	0.3584318965269644	0.1733365760677703	0.5146060868729868	0.1171665828523556	0.2975430616943381	0.05030207005093934	0.5261571725521126	0.10943071442689445	0.8138041560661805
271)	0.8513082163979817	0.5383595917854905	0.7395000912287865	0.8454451977287034	0.01772261360184757	0.1915741130864207	0.09069105818026468	0.23419860611674237	0.2942601943853046	0.5451156491946942
116)	0.4723690419759815	0.6583970857505594	0.9010194296302003	0.9185279393141138	0.06380619591282344	0.14448085597899885	0.08820184374051021	0.19612708867628437	0.4459973271210179	0.5179470332325185
220)	0.44897748607713794	0.49269179543648156	0.3328932772496799	0.4561311391377837	0.22901510582177353	0.34623774994421674	0.2473668355534463	0.21662916842470836	0.16047108722286296	0.5291527807694956
27)	0.8672604131084306	0.7797958042329348	0.8081150128937004	0.6784407043714858	0.5896854487035268	0.231228304048803	0.23933508209581977	0.13748694797777417	0.06368112422046845	0.965825815244485
5)	0.5988589458757472	0.8848532934911055	0.3547956116572998	0.5054314296357892	0.23769420862405044	0.17808098950580487	0.35950784393690227	0.04486228246077528	0.34019021537064575	0.9750064936065875
397)	0.6213209577819411	0.48788441444337294	0.7686753602965744	0.8804429579619466	0.5452317899019625	0.45358523116156235	0.08350203637694709	0.4821353121469584	0.5198189533069096	0.8382441602580809
216)	0.401100028168074	0.44533515800044876	0.8525327041073555	0.3052918618829372	0.46390156570624697	0.3123323050623388	0.07469032032480893	0.28476264645187166	0.25262939796864503	0.5943065310905141
264)	0.2967089075794386	0.8788868840092652	0.7474707134050175	0.7792861653749196	0.42307504314897615	0.870860092904115	0.18856183723681252	0.3220404688406783	0.015171598985419199	0.8196759850008302
80)	0.11446859495951	0.9110639960968554	0.9969650063282696	0.7332639578005105	0.46550503372369256	0.8595637445186795	0.1196747838441613	0.2889983273891915	0.04000832595810755	0.9588430789564042
409)	0.7609764858743637	0.9700529666691916	0.7084255690127601	0.9057967784774786	0.9696113822576335	0.5537330152151749	0.14789857556566122	0.11575215293141139	0.09679132069789054	0.25280584944432716
301)	0.766161322236003	0.6912278809161522	0.5261151751825425	0.9298821881512901	0.9373049262811762	0.3015611492701388	0.01783470661356268	0.07293591526448362	0.02957762710160705	0.4616006646152805
465)	0.5926599325262673	0.9956318084723376	0.5214205851540731	0.882651742943542	0.9338393968076598	0.2438072932957256	0.008747309147212112	0.37115190713776325	0.46825275238182185	0.2961990624503258
309)	0.9562245899605981	0.7490340885628752	0.9060086047346549	0.8831262789358043	0.8016771765321802	0.6689959837269737	0.48401521474395426	0.6339808706023717	0.09511854479213222	0.29342702928728936
211)	0.9509250129531898	0.6048166615225908	0.966635668779411	0.7481292040315868	0.7171468269102675	0.40448372748277506	0.290845869112794	0.5626054333742214	0.36845017053044204	0.23046085183139786
218)	0.9357182912274614	0.942382582651995	0.8132064065193544	0.8749119594634782	0.7058834132773564	0.4091091105972787	0.025091704171444018	0.5708037497295287	0.13459574894612336	0.41636573679494426
26)	0.8513244268329954	0.7060195199561622	0.8241022892585868	0.8082704078916083	0.5908807907349247	0.3863407943061684	0.24063282092985294	0.13752361490782572	0.5252117866139705	0.1908360458112225
97)	0.4390658193797916	0.608584300362758	0.9704126030213763	0.9337383557266488	0.5075719409410157	0.2051728622611535	0.18949843940084687	0.14050011761810988	0.06809275523457425	0.12491934664885951
261)	0.6351852929184406	0.5264937084456227	0.5765942083088607	0.44076577326836397	0.9975952706906955	0.5183340989376374	0.06446601516412498	0.1085247063115522	0.09688186716381908	0.4659145021876733
20)	0.8581142260514297	0.6955910282920739	0.846932479609419	0.4923926469985821	0.9796236810301702	0.3017524134841485	0.4248472379248316	0.035626996553034807	0.07019911390868883	0.41709073558366083
256)	0.9761058750978355	0.9005512440019678	0.9200684867348882	0.24613650742721693	0.7141980556986955	0.6026831742286612	0.13540363618875417	0.07895079206480937	0.25376408368599257	0.7007658178416907
192)	0.898335714365996	0.8312720974593166	0.7287406574031726	0.02620846097085372	0.7973630112759776	0.2957191125103177	0.2851994647121774	0.20020588459891409	0.20633145152536092	0.2986435063331716
480)	0.6542041926448069	0.22848007160451156	0.9324429672527287	0.31452657639455817	0.5857653064776114	0.683748329124691	0.5818070478141101	0.2522735510320361	0.3813820253250546	0.20303319851933488
392)	0.6898523222240528	0.2140172274462151	0.8335303547080137	0.28269469494904265	0.5835922025863391	0.9050439051510505	0.9501780923336565	0.07774166396677684	0.03965475947747055	0.15406400426913502
487)	0.5938580331426626	0.09655195187448762	0.5346428597518127	0.42437682387737474	0.4816722254571868	0.3776370625617005	0.47956029221108587	0.22285913587318684	0.043276257224001524	0.022567225328819496
174)	0.7599586089819333	0.3739770514485993	0.8252116968833481	0.9563790410760188	0.8472255816972825	0.7845387866794015	0.6387418609845392	0.30325874923900253	0.04036757201841579	0.020766840969381084
440)	0.5493121812093378	0.03967771123573771	0.7624001116613601	0.9602404956534323	0.6919976210632205	0.8096652444857516	0.2751285994523518	0.006613690706852138	0.20117434717697724	0.5104772931379652
127)	0.5153906181477727	0.07073650135967524	0.11487586627336277	0.37818775387810644	0.40617990347057664	0.4661502110623361	0.7004533027154985	0.21219603630014694	0.24198990320542724	0.11834558553834251
11)	0.953549849879534	0.16074454850708164	0.21097841871844636	0.6961615648233853	0.2718308491769721	0.5493752616276721	0.9234968252590874	0.46060162107485014	0.3605252508146082	0.02317813647840361
359)	0.9593585653787046	0.4203787774783516	0.217509718200529	0.803796353694566	0.4239776088255305	0.5666648818511774	0.9523411467197096	0.062258042558605564	0.007201957329799447	0.16649429964100526
183)	0.8822161987712565	0.617678078301821	0.1376503009310157	0.6371273885301344	0.446478054187578	0.7451074956769483	0.6992968158973774	0.1846027115706076	0.16092337086890018	0.3499317509869526
463)	0.37275221215607557	0.48779881960069826	0.05806212602617966	0.6414708116752723	0.5590621716013247	0.6468294455249275	0.9252779953481715	0.386999291480273	0.36100497128735387	0.05860350024611771
137)	0.3469572220414767	0.42042276836062964	0.03715162245427206	0.5947527303974159	0.20665322400899522	0.3433113487499746	0.7588124637085341	0.13497435176171535	0.24055078631697824	0.12650565087492793
333)	0.8710751017072622	0.1020091773258307	0.5956677083923587	0.6433899584240115	0.7761454296740579	0.6047497465962456	0.9790547536271857	0.009730371605181976	0.44573663800952446	0.6168272683071517
103)	0.8373716439277921	0.04679972200788496	0.4782820685984708	0.5210110938516268	0.46090247442919585	0.3407632394872363	0.902222208240269	0.17987906200264803	0.12772435899875278	0.19695621838288735
52)	0.7172173020432209	0.05184299524331337	0.553659200161456	0.9610376321653145	0.43295804116479997	0.15918230108432907	0.9441883178319019	0.2793621769098912	0.35974476987985604	0.3176316716278835
46)	0.5098611302849001	0.0904734812788307	0.4508774763010518	0.8153385794598776	0.14360098508058272	0.49351204204947463	0.9718661482450326	0.1509202908404773	0.3297009784972129	0.15671586892228329
106)	0.345322979056069	0.1880779700571047	0.20544091259836594	0.518306674989326	0.03433567998445264	0.6899335017791751	0.8916780035328351	0.4797710800309031	0.10939673778824666	0.3493239230792018
56)	0.6072213851311274	0.0887771085528527	0.01959981977284353	0.5655671369760998	0.021136011560755397	0.4595073026861176	0.6679384149986543	0.37369090134501737	0.3937933443577386	0.6428018502331379
368)	0.9941428024433522	0.0318517915129648	0.005678709695250195	0.26430191216362375	0.01686468751044523	0.5277269814850294	0.9269465549607258	0.7612566177802116	0.1757305666294965	0.24907712851088293
490)	0.39541725249060655	0.3812282010029968	0.6458944967496207	0.7567378685938397	0.48906722591619156	0.7395837636388003	0.5244407955988836	0.06697227916516835	0.2260466774208123	0.9303633899561088
208)	0.21050473325195218	0.266315931547758	0.2824607616957353	0.8560395808582769	0.3638541361586677	0.8337264327472219	0.6667465790517696	0.07869956236862585	0.34654213607829387	0.7515114119036026
231)	0.0966121872765563	0.8394455428383856	0.2651478911621784	0.6883378295494899	0.5800451090963726	0.7853799116612096	0.7919325350725064	0.06099062093881569	0.4457274241395298	0.7461915624607544
4)	0.020439132026923157	0.6301839364753761	0.2100265776728606	0.8523950878413064	0.2506952291383959	0.7691151711056516	0.5818421923987779	0.2858956904068647	0.5446848781786475	0.7424796890979773
239)	0.762789363406736	0.6146042453827153	0.5736170026283548	0.5563158298106623	0.03901633822948336	0.8693629359866054	0.9718343038157988	0.10375327712615157	0.38604855282929296	0.7901166206571988
74)	0.3324874926307865	0.5637844595472824	0.6876383457298232	0.44390848519873516	0.35447467775251196	0.6607954615137971	0.8491603722968005	0.061312486142167555	0.31032585761982945	0.7809835653732088
143)	0.35804424867880524	0.4348144317626571	0.2892032106712854	0.6633388980909064	0.06163112225500966	0.49164959157051935	0.738259519583478	0.19831772464269637	0.48032645868757706	0.8697862544625122
471)	0.5566739075580038	0.2808085750669125	0.6359029468572325	0.9662645193925595	0.06291998040289326	0.8114191855459318	0.5242343001156469	0.3611931154648851	0.011959397585476594	0.9106907517197451
42)	0.9077649982654136	0.45856166708365387	0.5563100402768733	0.8086844901333918	0.013846685418091642	0.6811113675419537	0.5407225761596202	0.38009165785093446	0.18711472229064618	0.885387332241226
186)	0.6987406783647956	0.10714136790002304	0.3380328800516371	0.3629299944063139	0.07646146467614179	0.9815565592526944	0.8173516102824737	0.14574018054468485	0.4765944291293035	0.6710741679479317
122)	0.7083443690542887	0.045013643554354554	0.40390638494042763	0.6820494371283002	0.43950560029715846	0.9666012794681541	0.8065343708610963	0.22306735881608875	0.6884186271559142	0.5908992500329834
179)	0.5534636640945929	0.17644685621795753	0.30105262765753793	0.19749037480973175	0.2638651341010789	0.9564175589796371	0.539684098327374	0.1527476843698471	0.8266670591474441	0.6312250548286611
51)	0.44737628027740306	0.3149919734186799	0.10008522439470402	0.06637137355819867	0.2863298739118133	0.8560882485516653	0.8465925489214037	0.25901477045356636	0.9015920853941103	0.5155884856098234
266)	0.3805693410576406	0.22846856894917789	0.0007218087096738657	0.018031915510372754	0.22935193241392904	0.5635681802866149	0.7326328882855573	0.24388324687048724	0.5194288906642984	0.7941092292303752
152)	0.09646404569367384	0.5919007353819586	0.23238036804449025	0.09639433157822408	0.22716420523466796	0.8731671291223512	0.7719944216859853	0.2858733062756499	0.6090650631020644	0.7887235696986324
351)	0.7677299462776365	0.24377511705055832	0.812142937640493	0.5428191085910015	0.236538867978053	0.46956515587503633	0.4998861718507911	0.5139951868727205	0.48089638179778416	0.9446924713563756
124)	0.36539121047938006	0.1648086672872523	0.6760659094155328	0.16279475850671998	0.23106270390588401	0.3125493404857592	0.4570346902612229	0.31127917786451764	0.3239645232791929	0.9647929364145552
37)	0.5128662680937877	0.26393098909487067	0.554476808071934	0.030304170594405044	0.27197820430902153	0.1854741590544805	0.5744758420233385	0.14843865774278353	0.6471673318283991	0.8976783107422656
451)	0.2501863905088719	0.34425977023402277	0.5922466820893508	0.3861917433830988	0.46090490227730907	0.46204575978012963	0.7848277973051715	0.15221525060652985	0.6336608807839985	0.7922797422625669
182)	0.09731385901693734	0.3608788193413194	0.9188277651132398	0.34199134786529617	0.7594806851861584	0.883961989743447	0.9957789289327361	0.1276467196058899	0.921295483383637	0.8541683278504687
489)	0.37384542314171854	0.028439565089112384	0.8270790869547139	0.6542047393795531	0.4854382200497753	0.6454167253864743	0.9676203395564424	0.41986299575932917	0.8435275700625602	0.8116716541392975
178)	0.4422431290505465	0.018213733823873257	0.5465889550886365	0.5364367693555155	0.1240039896374181	0.5729185409486494	0.8054832798453885	0.23176279734252414	0.6450281001731681	0.6982572339051518
337)	0.40336303125781126	0.3938873423009035	0.8645604013043835	0.027795818762520796	0.07745808294446166	0.3418058436048982	0.9764073996599943	0.3153480587928216	0.3975709871574373	0.6341110418178695
98)	0.6987073120764528	0.46153152916886886	0.7445573429189948	0.2730517009310389	0.014351502625561174	0.17845078715926477	0.8015021709095485	0.10704972728076023	0.32516377858166023	0.6065454317067481
267)	0.5913145511149421	0.24238373802764712	0.8028499458635372	0.6671536734476181	0.2291541094593501	0.08001627306367454	0.9399615938795939	0.6018363368503079	0.9018797450779238	0.6015078938277175
209)	0.5734262048173026	0.3482899075664113	0.9677973579214795	0.46557901441782223	0.30752865937488716	0.38346390774230155	0.8625745467341314	0.3819607307369235	0.5695403475078948	0.5192207688470212
184)	0.22082111085492484	0.17705311643855182	0.9140206379408494	0.6969778864808872	0.1597780337715501	0.6641673205834571	0.8107612017571371	0.4093835349833469	0.4356318947662089	0.43824444947585184
88)	0.28781493382595613	0.10793438223331675	0.7101954909298428	0.767593568436209	0.15393928318285965	0.32929177720525493	0.7218030237835277	0.30573627751887034	0.26491733998837474	0.5922789121550232
142)	0.06964838004500751	0.06250730932954607	0.9223842180163473	0.7602826619787227	0.12864217486021978	0.40479556442536746	0.5927779539873572	0.5837530683447337	0.23753140740166812	0.2145297621306409
495)	0.06950815397846088	0.23902613464860567	0.7539550218346326	0.8410004068839212	0.050677379308961656	0.3167277927372256	0.5985989197940188	0.5861036235612243	0.7221882363496455	0.830472906719183
375)	0.01051046773193165	0.4874252028028109	0.740979707282126	0.8263286295538593	0.2660386181557606	0.2960085782416638	0.6876035760300794	0.5709589435829431	0.5368693752765974	0.8897965086399187
164)	0.07882672853579642	0.2982399205631847	0.5819697937931237	0.6068434720047579	0.15555720519293115	0.25183309348991334	0.8334165657040538	0.5882943049137013	0.5623643228632432	0.3650210268621755
417)	0.4343391702475162	0.2739563925789331	0.8306872239338481	0.6528294495053223	0.3618327190922589	0.523573797928366	0.9142014072130672	0.027974260450854382	0.5598990169472468	0.12150400632872693
146)	0.6176318905070121	0.2131561037619666	0.8323605229667264	0.9822717983762823	0.5096475656235996	0.7709237432042608	0.7791089303303229	0.19775464997302106	0.7057282253394926	0.49059253667421354
201)	0.5957933768787373	0.9931725782867362	0.9082754243695769	0.8245203788915858	0.3520683987821648	0.781594609232123	0.9542128532755146	0.2400062123778116	0.7124463928687869	0.18750252857598404
227)	0.19856429735250858	0.20029870973498776	0.6122263910643544	0.9102495841372956	0.01689601281780917	0.8949985111515791	0.7605464746775035	0.02062156743238608	0.4187915850577416	0.06340251029432908
189)	0.0020534030666630176	0.23715997868332128	0.9656402405014504	0.8222104730849156	0.543662982573609	0.7219908214112213	0.2546771514048032	0.20446783363901966	0.9891942799248072	0.14380516459334203
17)	0.15973623015851013	0.13302868937357504	0.9616419037746458	0.9790703454838688	0.2182722577281544	0.5201606870379233	0.45603905760612395	0.13491872253239878	0.8376157448618098	0.11353757521867625
319)	0.22306722250330424	0.5459326996422507	0.28416304206865206	0.9097760663498503	0.04951311600188657	0.3673957075906944	0.8687499221384756	0.37233576286363557	0.9413186603475371	0.47981450866614317
219)	0.005203073975072692	0.09702058777751155	0.15086539116832764	0.47533841998715687	0.08046099668339912	0.4458204023580169	0.6522409918052661	0.05145020139440426	0.4236759029084156	0.2706290879470359
347)	0.3090249544341571	0.2346527311036135	0.5726056531118191	0.26581254163533474	0.5559173475859541	0.9132457587636686	0.4785905282402515	0.07571900889276684	0.1159516282187365	0.38533536034139904
119)	0.3124940335097408	0.3213995357532248	0.4727755088550235	0.34182506172610416	0.5054182909725616	0.9645954235922461	0.4309950595248051	0.0465058802370133	0.5423789698700843	0.34412769179470815
153)	0.30354283512806424	0.337793399223163	0.5510943572651079	0.01983731229124519	0.4801642257995826	0.867433930095133	0.0017505579531380544	0.23391783551093526	0.1494500079351202	0.2154327264775281
429)	0.35534472711120824	0.8012131084736832	0.8922977935616121	0.2749587688497862	0.07819382195753277	0.7884551150447701	0.6416216313753851	0.018824750312966487	0.17921511469270046	0.02507504075263578
14)	0.17314990980873102	0.6644814459639401	0.9429602449150257	0.38684542191779026	0.5826938151498987	0.998932268843212	0.5239868344883128	0.18327900063057578	0.2418600859762523	0.11004833096656297
389)	0.44212487449570503	0.09040704667810018	0.9375478698893622	0.4930396968864933	0.09535194877919939	0.9885901815839115	0.1744812180303833	0.022498416130331433	0.6677043444619853	0.4176687099041577
7)	0.9666096944873236	0.24653588120354963	0.9570126003527981	0.4634980189371477	0.3403852228374361	0.7313007530599226	0.17360800174020508	0.09205560337723862	0.5979736843289207	0.27676506139633517
47)	0.8934034140221164	0.08654232235729176	0.4286432979428625	0.69474267149362	0.020062850895111617	0.9952654020174069	0.38725741753121723	0.10819822866909212	0.7663040121802115	0.2112818837963617
330)	0.7418136271940827	0.6301622694667762	0.040272171003550294	0.6117348680200969	0.0627013313695226	0.3527157124310063	0.6448170341548904	0.2479647025113313	0.7189456981962595	0.5399756305486695
99)	0.965094028213592	0.9475792237640892	0.33762107364119875	0.5979637425112644	0.15086922353097754	0.291455780992926	0.9064723688429247	0.036932063464012566	0.6564030876691848	0.6165217754396433
344)	0.7086837602132495	0.4973007924737206	0.2826587789250887	0.3649358436975535	0.38871811764111597	0.16085585058728102	0.833866605712485	0.16781737519460282	0.604767853846978	0.23902790182505784
252)	0.6987589240756513	0.8408446208375253	0.010213974909632495	0.09542242498635645	0.2979749721807413	0.2627415379432153	0.7977879558425162	0.059404238449915936	0.5400112781371519	0.491799200621745
497)	0.6883928036693491	0.4032918017325534	0.11599582550832954	0.18776824611228637	0.19365438057872553	0.4692267463327773	0.9834969174884588	0.5006378307939012	0.9793006894338498	0.7904536090641923
163)	0.6390767106203653	0.4857327107942673	0.040417230138025895	0.22131630987183093	0.08228583369579201	0.3241648919579989	0.8916795272463165	0.5451948508118483	0.6670131109896916	0.4120857288322747
340)	0.2033652992540046	0.045043915604796925	0.07699913366110478	0.1106750598760603	0.16102716707426556	0.10727880683977609	0.6376657530977887	0.12065290177735977	0.7149695799864549	0.3335446912745732
242)	0.34173687143077025	0.2785618827398362	0.19432596267190305	0.1714812942156091	0.13918571097442733	0.2716286257013535	0.3958155481859754	0.1424350600659997	0.8761180352633642	0.5095770494106563
407)	0.8639781282871019	0.06355081927375505	0.4168712101855	0.4132202046067609	0.2989379562526029	0.17122056620850146	0.612310231501081	0.4039371029959943	0.8194724003070676	0.6222603238990508
59)	0.8338365663554891	0.09940514628180974	0.7701229934134927	0.7009474565722479	0.6813237878724938	0.051549976415450005	0.50811464169943	0.9632936328077967	0.8160003497549749	0.8296496599906129
387)	0.5619838802956427	0.3895637282142068	0.1441826396160154	0.9144921539431903	0.5290489663644535	0.25994895598211576	0.9361654850044699	0.7343753194695397	0.7448931612694191	0.6885251928321457
354)	0.6026483790231929	0.19011828510199114	0.4439394046770513	0.7548119963268666	0.6366954916472348	0.09392705314892746	0.7553775658593394	0.4102647527959765	0.9206196781418334	0.5005662757243282
430)	0.9022422246440599	0.3516792152766752	0.05861115575995601	0.1559762560447172	0.8004959581351038	0.3001455261734056	0.48069350496906105	0.6204915895126796	0.9495776984135543	0.9944255893564178
50)	0.4857098681067773	0.16112709705428085	0.12751954351366868	0.2323783174916082	0.6701608599998026	0.20049060873265778	0.568548964618283	0.5581122170361856	0.5436921692300374	0.5525294234343233
484)	0.16844951296946853	0.05408596692107004	0.05507189107200827	0.060644958597188325	0.456279301275592	0.0005255558956696049	0.5476762154286366	0.4680894985766837	0.6061889389385975	0.4194124450268869
43)	0.9517731461483258	0.15178450453000336	0.0303847229992098	0.14409194606082942	0.21365686845063014	0.1813838598387736	0.32985476037950434	0.6525962229220905	0.7781735271559485	0.5761254124118753
145)	0.7488860054923755	0.041539517909284784	0.19963555418176315	0.20542177471275935	0.9344260936903641	0.08771443368466891	0.7174223113138415	0.1885454361644201	0.775771987590196	0.0853604213652005
32)	0.6807357672306377	0.09095116720087482	0.24317416588742535	0.16905576511943454	0.8729199617462652	0.06913918311155143	0.6827064564283071	0.10960694983251273	0.6404614421560298	0.06043793213558557
57)	0.35543331858117866	0.16284534638833636	0.3097535151674734	0.2998200567828857	0.8824557693517251	0.5221646219283154	0.8981317369729009	0.2723444648400082	0.5821566782631048	0.00887517698156215
225)	0.0069583711883747235	0.11819067017180895	0.16538952467146173	0.6909498763897505	0.6471746696556094	0.8490279588788628	0.2760398005370779	0.04075840423574817	0.4512520970424314	0.8870320979791305
48)	0.08843736434987892	0.4924763237765829	0.10620815853048937	0.8587269726838475	0.9432225022019286	0.8773640053306407	0.07026799039549492	0.13563613798031937	0.20125887824678435	0.8906640504565513
175)	0.15731596384769897	0.3119883759669304	0.4339206195076274	0.7083323374622483	0.4249585202100451	0.9635398275290793	0.39128122492319817	0.35910709921227113	0.8011474111147	0.8948024729019779
135)	0.35528457190814045	0.05986801407147202	0.14768798737654676	0.9161070471289745	0.41713798480711617	0.7852921531926841	0.08836754606338981	0.32334777976822204	0.6922308925419512	0.8091907448684172
374)	0.7517701646034439	0.7786633577754813	0.2603887289197666	0.4416112950589831	0.8834325413095694	0.2953970452701249	0.2804866361959011	0.7031678453380407	0.16705585242860765	0.8797227016832677
62)	0.8957014217970638	0.9562240422458972	0.20848049565757376	0.5814837295524542	0.7801992488254825	0.2394216729185552	0.3760066618461234	0.3760754415175315	0.06319643998308144	0.7691426808213709
381)	0.7748136509229163	0.9794351543302695	0.37891434262091805	0.3986495412597012	0.9644102744617203	0.567157113476133	0.14542256159467082	0.5721706859866449	0.172675432483527	0.4982187074058382
193)	0.2725427750740519	0.5777040204355484	0.03662305194546234	0.16462940389050695	0.37231996313739224	0.05712496865427308	0.15200806526233057	0.2548307573538706	0.05133639369518328	0.5431568905703503
289)	0.9169549477922516	0.9182174994180772	0.06721310913729794	0.12357335798711244	0.906502784357636	0.14761200379872152	0.9080509215948284	0.5772028849391525	0.31392512224203384	0.8810323893494452
133)	0.8308280039269477	0.6463431777897269	0.09978922277938285	0.08056769323883384	0.7944725754181657	0.01943814467802829	0.5320953414506272	0.15114005118685736	0.09231727725165173	0.44215574420970083
320)	0.9973839720458062	0.9138703015065245	0.33110129487168005	0.10027047211645412	0.805993477840309	0.20560593086815737	0.0625402710083448	0.19715940225245565	0.704346401476205	0.46022169528832246
299)	0.9434846416246228	0.9350694479779181	0.2528045295119128	0.47820803558914005	0.3528870528578042	0.3000881115354581	0.4585394616957209	0.6021985496384737	0.20567162758862145	0.24337835180858391
170)	0.8629013880380523	0.9156516399958622	0.040859679547244454	0.5601106470057243	0.21718808633475506	0.21955814449136513	0.40686829052482176	0.47443203850296645	0.08125681618730818	0.2959171895035504
120)	0.6309861183627159	0.9268488873639289	0.0957237815526587	0.27314856463667603	0.3633183183475094	0.14752476290399075	0.4296766587702835	0.36308321950214617	0.30722255572453205	0.043127461275494716
138)	0.7586251370594909	0.8388159091661036	0.38447178764497225	0.09413405762539107	0.4317877076626605	0.0975104980386301	0.5126124257747235	0.7938852627781126	0.0562714074949604	0.12108586299268276
30)	0.7177400045433364	0.7897656793360066	0.4213559217565558	0.012625830357479995	0.3138152333176353	0.19252168025197935	0.27531321879489834	0.8051701673672972	0.14333587216899957	0.009933693670982957
378)	0.36400738143058375	0.9757853697629362	0.15940904866793348	0.8096563634620185	0.833190710784765	0.7285127110100412	0.27138645752512425	0.17105298653695178	0.14726543653889135	0.00827528343369388
283)	0.397946494291728	0.9320170513444823	0.18215889779512073	0.17201554316193168	0.678415199039637	0.8149969562824613	0.06845976915007468	0.1854435206667826	0.05140677469446042	0.09056954630311631
450)	0.24509647603476414	0.8144826297772444	0.11712168194223904	0.9560073665426374	0.09278676288671661	0.6809042486867187	0.23068721707822248	0.7957089383246094	0.3479265328720995	0.4651356410291233
386)	0.02945626892902309	0.5332320309229552	0.11287023222000059	0.7482283213717233	0.06890273824206083	0.5629163687921508	0.2043067232659287	0.9920313024213158	0.25393998233530624	0.2788134565446866
304)	0.33473838937973155	0.9183174844620484	0.041554291643639885	0.9624990766394315	0.8564141124947188	0.3388143646477867	0.3077105804197051	0.8782972255028699	0.19856137676438568	0.06415325580725639
434)	0.4749941659946677	0.0018906837226940754	0.4901573768116112	0.89249328426152	0.23454806425377728	0.23436873503950184	0.4499281118493691	0.812617591765527	0.0345756689200869	0.1015748080322324
335)	0.4084693743563709	0.062078609212579905	0.8620890836583517	0.8735982922293931	0.04352566324125806	0.34237429978407696	0.6836566678262886	0.903329720747623	0.010805643231453055	0.1361323787029738
200)	0.9692163349537062	0.023003180209186458	0.6989515422096302	0.7436470839738786	0.12231043996273894	0.0032952104887360445	0.6544074202619792	0.7298922953426757	0.032054355256436184	0.2594435326293577
78)	0.41669528896656205	0.20516107579979725	0.19521144746509556	0.9422719149629099	0.32254437988658846	0.09852342315710272	0.6839686008379533	0.8894781356759724	0.3903295752782401	0.23911862145194263
241)	0.2861780606650647	0.6216811653970534	0.21054545869360497	0.13881434717543362	0.013717811514686096	0.4014646465624785	0.904762512364175	0.5364208807382449	0.4798146391740634	0.08099745631534916
100)	0.22219852722772315	0.38223726411047276	0.3051261201740513	0.31213882462326004	0.027617184503319403	0.5784698159078305	0.953250912037412	0.9543877717509077	0.8193198019179616	0.027732277525769122
123)	0.11242939810689823	0.857130710326257	0.07619969237688307	0.002835846809639664	0.838305880694594	0.5282139430979407	0.9693214000612176	0.942659482323939	0.09806819764144159	0.20219566003039902
